train 0 0.22844444444444445 0.0 0.10353549477661564 0.09 0.0 0.0 0.0 0.2222222222222222 0.1111111111111111 0.022222222222222223 0.022222222222222223 0.044444444444444446 0.2 0.0 0.003278688524590164 0.0 0.0 0.0 0.0 0.003952569169960474
train 1 0.17777777777777778 -0.02 0.11839108930668861 0.126 0.0 0.0 0.05555555555555555 0.09523809523809523 0.09523809523809523 0.047619047619047616 0.12698412698412698 0.06349206349206349 0.047619047619047616 0.011204481792717087 0.0056022408963585435 0.0 0.0 0.0036101083032490976 0.0 0.0
train 1 0.20818181818181816 0.0 0.2115419817053018 0.07333333333333333 0.0 0.05263157894736842 0.0 0.045454545454545456 0.09090909090909091 0.09090909090909091 0.022727272727272728 0.11363636363636363 0.022727272727272728 0.0035335689045936395 0.0035335689045936395 0.0 0.0 0.0 0.0 0.0
train 1 0.17789473684210527 0.0 0.035591593783945295 0.38 0.0 0.0 0.0 0.18421052631578946 0.05263157894736842 0.05263157894736842 0.10526315789473684 0.07894736842105263 0.13157894736842105 0.0 0.004629629629629629 0.0 0.0 0.0 0.0 0.0
train 0 0.2145945945945946 0.01 0.054543832943072273 0.12333333333333334 0.0 0.0625 0.0625 0.17567567567567569 0.06756756756756757 0.06756756756756757 0.10810810810810811 0.08108108108108109 0.08108108108108109 0.012448132780082987 0.0 0.0 0.007575757575757576 0.0 0.0 0.0
train 0 0.19279693486590038 -0.01 0.10753727858557065 0.1535294117647059 0.0038314176245210726 0.014285714285714285 0.014285714285714285 0.0842911877394636 0.06130268199233716 0.06513409961685823 0.09961685823754789 0.0842911877394636 0.05747126436781609 0.007653061224489796 0.0031887755102040817 0.0016326530612244899 0.0008163265306122449 0.0032653061224489797 0.0008163265306122449 0.0008163265306122449
train 0 0.16692640692640695 -0.01 0.06015860828769828 0.0825 0.012987012987012988 0.025 0.1 0.04329004329004329 0.1471861471861472 0.08225108225108226 0.05627705627705628 0.13852813852813853 0.030303030303030304 0.003909304143862392 0.00547302580140735 0.0 0.0010214504596527069 0.006128702757916241 0.0010214504596527069 0.0020429009193054137
train 0 0.21235294117647058 -0.01 0.09479820229450918 0.34 0.0 0.0 0.0 0.10294117647058823 0.10294117647058823 0.058823529411764705 0.14705882352941177 0.058823529411764705 0.08823529411764706 0.004424778761061947 0.0022123893805309734 0.0 0.0 0.005434782608695652 0.0 0.0
train 0 0.1925925925925926 0.0 0.0984395100397114 0.09 0.0 0.2857142857142857 0.0 0.07407407407407407 0.14814814814814814 0.1111111111111111 0.037037037037037035 0.14814814814814814 0.0 0.006289308176100629 0.0 0.0 0.0 0.015748031496062992 0.0 0.007874015748031496
train 1 0.2109090909090909 0.0 0.1251781758521509 0.066 0.0 0.0 0.1111111111111111 0.15151515151515152 0.06060606060606061 0.030303030303030304 0.06060606060606061 0.06060606060606061 0.15151515151515152 0.004694835680751174 0.0 0.0 0.0 0.0 0.0 0.0
train 1 0.23538461538461541 0.01 0.15599521570213443 0.13 0.0 0.0 0.0 0.2692307692307692 0.038461538461538464 0.038461538461538464 0.19230769230769232 0.038461538461538464 0.15384615384615385 0.0 0.0 0.013333333333333334 0.0 0.0 0.0 0.0
train 0 0.2048 0.0 0.03674925890709771 0.25 0.0 0.0 0.0 0.28 0.04 0.04 0.2 0.08 0.2 0.0 0.01948051948051948 0.0 0.0 0.0 0.0 0.0
train 1 0.18181818181818182 -0.01 0.03984105273327266 0.22 0.0 0.0 0.0 0.13636363636363635 0.045454545454545456 0.0 0.18181818181818182 0.0 0.09090909090909091 0.0 0.008 0.0 0.0 0.0 0.0 0.0
train 0 0.20737430167597765 0.0 0.09955470370188677 0.14916666666666667 0.0 0.0 0.0 0.15083798882681565 0.061452513966480445 0.01675977653631285 0.1340782122905028 0.01675977653631285 0.12849162011173185 0.007832898172323759 0.009573542210617928 0.004282655246252677 0.0021413276231263384 0.0021413276231263384 0.0 0.0010706638115631692
train 1 0.17243243243243242 0.02 0.04515413674203316 0.0925 0.0 0.0 0.47619047619047616 0.14864864864864866 0.04054054054054054 0.13513513513513514 0.12162162162162163 0.1891891891891892 0.0945945945945946 0.0025 0.005 0.0 0.0 0.006389776357827476 0.003194888178913738 0.0
train 1 0.20363636363636364 -0.01 0.09538304912766572 0.22 0.0 0.0 0.0 0.13131313131313133 0.08585858585858586 0.050505050505050504 0.12626262626262627 0.06060606060606061 0.10606060606060606 0.004777070063694267 0.010350318471337579 0.005876591576885406 0.0039177277179236044 0.0 0.0 0.0009794319294809011
train 1 0.19594627594627595 0.16 0.06814790320579235 0.10367088607594938 0.01098901098901099 0.039603960396039604 0.1188118811881188 0.12087912087912088 0.10744810744810745 0.05128205128205128 0.06349206349206349 0.09523809523809523 0.09035409035409035 0.0036050470658922492 0.004806729421189666 0.002720751916893396 0.004204798417017067 0.0014840465001236705 0.0017313875834776156 0.002968093000247341
train 0 0.18760000000000002 -0.05 0.04780608535152973 0.14285714285714288 0.01 0.0 0.023809523809523808 0.12 0.085 0.065 0.08 0.095 0.09 0.00587248322147651 0.0050335570469798654 0.0031446540880503146 0.0 0.0010482180293501049 0.0020964360587002098 0.006289308176100629
train 1 0.1841509433962264 0.0 0.07717391648471328 0.1325 0.0 0.05555555555555555 0.0 0.09433962264150944 0.2641509433962264 0.0 0.1509433962264151 0.07547169811320754 0.05660377358490566 0.0 0.0032258064516129032 0.0 0.008298755186721992 0.0 0.0 0.0
train 1 0.19039999999999999 0.0 0.06606275518765031 0.1388888888888889 0.0 0.06060606060606061 0.0 0.096 0.08 0.064 0.048 0.096 0.096 0.005361930294906166 0.004021447721179625 0.001692047377326565 0.00338409475465313 0.0 0.0 0.00338409475465313
train 0 0.16307692307692306 0.02 0.10339447080875573 0.13 0.0 0.0 0.0 0.05128205128205128 0.1794871794871795 0.02564102564102564 0.1282051282051282 0.07692307692307693 0.02564102564102564 0.0 0.01932367149758454 0.0 0.006211180124223602 0.0 0.0 0.0
train 1 0.18013422818791944 -0.03 0.061230020897374636 0.10642857142857143 0.0 0.05 0.025 0.06711409395973154 0.174496644295302 0.06040268456375839 0.087248322147651 0.087248322147651 0.04697986577181208 0.005847953216374269 0.0035087719298245615 0.0014749262536873156 0.004424778761061947 0.0 0.0 0.0014749262536873156
train 1 0.203855421686747 -0.04 0.06892585162508078 0.07545454545454545 0.0 0.19047619047619047 0.14285714285714285 0.1566265060240964 0.0963855421686747 0.03614457831325301 0.08433734939759036 0.03614457831325301 0.1566265060240964 0.0019723865877712033 0.0019723865877712033 0.0024390243902439024 0.004878048780487805 0.0 0.0 0.007317073170731708
train 0 0.1825 -0.04 0.07250725112462346 0.09333333333333334 0.0 0.0967741935483871 0.16129032258064516 0.09821428571428571 0.11607142857142858 0.03571428571428571 0.09821428571428571 0.10714285714285714 0.044642857142857144 0.0015625 0.00625 0.0 0.0 0.005964214711729622 0.0 0.003976143141153081
train 1 0.16844444444444445 -0.01 0.07770382385293734 0.18 0.0 0.0 0.0 0.16666666666666666 0.2 0.1 0.06666666666666667 0.12222222222222222 0.03333333333333333 0.001968503937007874 0.0 0.0 0.00510204081632653 0.01020408163265306 0.0 0.0
train 1 0.19443101553916184 -0.26 0.09043778821565913 0.10410130718954248 0.008632867681682624 0.03933253873659118 0.052443384982121574 0.1170930780097316 0.09260712603986815 0.055093391932192745 0.08318945220530528 0.07879453774917596 0.08020718882436038 0.0036746755749710908 0.00521649749453938 0.0021445490045451637 0.0018884834517636515 0.0023686063632289865 0.0016004097048844504 0.0008962294347352923
train 1 0.16186046511627908 0.0 0.03552953510484562 0.215 0.0 0.15384615384615385 0.0 0.16279069767441862 0.046511627906976744 0.0 0.16279069767441862 0.0 0.16279069767441862 0.00423728813559322 0.00847457627118644 0.0 0.0 0.0 0.0 0.005494505494505495
train 1 0.1921019108280255 0.01 0.07731805060414969 0.10466666666666667 0.0 0.075 0.025 0.10191082802547771 0.12101910828025478 0.044585987261146494 0.07643312101910828 0.06369426751592357 0.05732484076433121 0.004305705059203444 0.004305705059203444 0.0026917900403768506 0.0 0.0013458950201884253 0.0 0.0026917900403768506
train 0 0.20355555555555555 -0.01 0.09143190956491477 0.45 0.0 0.0 0.0 0.2222222222222222 0.08888888888888889 0.08888888888888889 0.1111111111111111 0.17777777777777778 0.1111111111111111 0.0 0.0036363636363636364 0.0 0.0 0.0 0.0 0.0
train 1 0.17953488372093024 0.0 0.11423561746468833 0.14333333333333334 0.0 0.0 0.0 0.16279069767441862 0.06976744186046512 0.023255813953488372 0.06976744186046512 0.09302325581395349 0.11627906976744186 0.007751937984496124 0.0 0.0 0.0 0.010050251256281407 0.0 0.0
train 1 0.21530864197530863 0.02 0.0757485677037479 0.135 0.012345679012345678 0.0 0.15789473684210525 0.1111111111111111 0.04938271604938271 0.07407407407407407 0.04938271604938271 0.1111111111111111 0.1111111111111111 0.005545286506469501 0.0018484288354898336 0.006711409395973154 0.008948545861297539 0.0 0.0 0.0
train 0 0.20097560975609757 -0.02 0.08293374113337308 0.13666666666666666 0.0 0.09090909090909091 0.0 0.14634146341463414 0.04878048780487805 0.056910569105691054 0.14634146341463414 0.04878048780487805 0.08130081300813008 0.001326259946949602 0.003978779840848806 0.001652892561983471 0.0 0.003305785123966942 0.0 0.0
train 1 0.19575883575883576 -0.08 0.0970416866719792 0.08907407407407407 0.014553014553014554 0.06993006993006994 0.1048951048951049 0.10810810810810811 0.1288981288981289 0.07068607068607069 0.07484407484407485 0.12058212058212059 0.06860706860706861 0.004421768707482994 0.00510204081632653 0.0004314063848144953 0.003451251078515962 0.003882657463330457 0.003451251078515962 0.001725625539257981
train 1 0.22604651162790698 0.0 0.15277765131757798 0.215 0.0 0.0 0.0 0.16279069767441862 0.023255813953488372 0.09302325581395349 0.06976744186046512 0.11627906976744186 0.16279069767441862 0.0 0.0 0.0 0.008264462809917356 0.004132231404958678 0.0 0.0
train 1 0.17513513513513512 -0.02 0.10597893043779279 0.185 0.0 0.0 0.0 0.06756756756756757 0.12162162162162163 0.0 0.13513513513513514 0.02702702702702703 0.02702702702702703 0.011961722488038277 0.004784688995215311 0.0060790273556231 0.0060790273556231 0.00303951367781155 0.0 0.0
train 1 0.18857142857142858 0.0 0.1135716549609944 0.14 0.0 0.0 0.0 0.09523809523809523 0.14285714285714285 0.16666666666666666 0.047619047619047616 0.16666666666666666 0.023809523809523808 0.007662835249042145 0.0038314176245210726 0.0 0.004761904761904762 0.0 0.0 0.004761904761904762
train 0 0.2125 -0.02 0.04265595577679587 0.12 0.0 0.0 0.07692307692307693 0.1875 0.0625 0.020833333333333332 0.08333333333333333 0.041666666666666664 0.125 0.0031645569620253164 0.006329113924050633 0.007782101167315175 0.0 0.0038910505836575876 0.0 0.0038910505836575876
train 0 0.17722222222222223 0.0 0.10143806203429225 0.14400000000000002 0.0 0.1 0.0 0.08333333333333333 0.09722222222222222 0.041666666666666664 0.125 0.05555555555555555 0.027777777777777776 0.007425742574257425 0.01485148514851485 0.0 0.006329113924050633 0.0 0.0 0.0
train 0 0.17617977528089887 -0.02 0.08036482446608946 0.445 0.0 0.0 0.0 0.10112359550561797 0.07865168539325842 0.033707865168539325 0.12359550561797752 0.0449438202247191 0.07865168539325842 0.006072874493927126 0.006072874493927126 0.0 0.0 0.0 0.0 0.0
train 0 0.21305263157894735 -0.01 0.05239195645582439 0.15833333333333333 0.0 0.0 0.0 0.12631578947368421 0.08421052631578947 0.06315789473684211 0.14736842105263157 0.08421052631578947 0.10526315789473684 0.008143322475570033 0.0 0.004 0.008 0.002 0.002 0.004
train 0 0.21445378151260502 0.03 0.08456331802814532 0.10818181818181818 0.0 0.02857142857142857 0.05714285714285714 0.13445378151260504 0.10084033613445378 0.05042016806722689 0.10084033613445378 0.07563025210084033 0.10084033613445378 0.008997429305912597 0.0038560411311053984 0.0 0.0 0.0015873015873015873 0.0 0.0015873015873015873
train 0 0.20470588235294115 0.0 0.1255251807082249 0.17 0.0 0.0 0.0 0.14705882352941177 0.058823529411764705 0.029411764705882353 0.058823529411764705 0.029411764705882353 0.11764705882352941 0.009259259259259259 0.004629629629629629 0.005747126436781609 0.0 0.005747126436781609 0.0 0.0
train 0 0.23586206896551723 -0.01 0.12553351938606458 0.09666666666666666 0.0 0.1111111111111111 0.0 0.13793103448275862 0.06896551724137931 0.0 0.1724137931034483 0.034482758620689655 0.13793103448275862 0.009852216748768473 0.0 0.017964071856287425 0.0 0.0 0.0 0.005988023952095809
train 1 0.21217391304347824 0.01 0.16342405591208536 0.15333333333333335 0.0 0.0 0.0 0.17391304347826086 0.021739130434782608 0.07608695652173914 0.08695652173913043 0.09782608695652174 0.13043478260869565 0.0 0.004966887417218543 0.002 0.0 0.004 0.0 0.002
train 1 0.18476190476190474 0.01 0.2527146772350643 0.105 0.0 0.2857142857142857 0.0 0.0 0.09523809523809523 0.0 0.0 0.047619047619047616 0.0 0.0078125 0.015625 0.0 0.0 0.0 0.0 0.0
train 1 0.20833333333333331 0.0 0.08587122695154464 0.12 0.0 0.2 0.0 0.16666666666666666 0.08333333333333333 0.0 0.08333333333333333 0.041666666666666664 0.125 0.0064516129032258064 0.0064516129032258064 0.00819672131147541 0.0 0.0 0.0 0.0
train 1 0.19151515151515153 0.0 0.09009554123934123 0.165 0.0 0.0 0.0 0.15151515151515152 0.09090909090909091 0.15151515151515152 0.09090909090909091 0.21212121212121213 0.06060606060606061 0.02030456852791878 0.005076142131979695 0.0 0.0 0.0 0.0 0.0
train 0 0.1711111111111111 0.0 0.10669251946728316 0.09 0.05555555555555555 0.16666666666666666 0.0 0.05555555555555555 0.2777777777777778 0.0 0.05555555555555555 0.05555555555555555 0.05555555555555555 0.010101010101010102 0.0 0.0 0.0 0.0 0.012987012987012988 0.0
train 0 0.19026217228464418 0.06 0.08794721403324428 0.11866666666666667 0.0018726591760299626 0.056910569105691054 0.04878048780487805 0.13108614232209737 0.06367041198501873 0.0449438202247191 0.08052434456928839 0.07677902621722846 0.10299625468164794 0.006253908692933083 0.0075046904315197 0.0015631105900742479 0.0 0.0015631105900742479 0.0007815552950371239 0.0007815552950371239
train 1 0.13 0.02 0.021030258963029253 0.2 0.0 0.0 0.0 0.05 0.15 0.0 0.2 0.0 0.05 0.01904761904761905 0.0 0.0 0.0 0.0 0.0 0.0
train 1 0.20533333333333334 -0.01 0.14616278563926643 0.225 0.0 0.0 0.0 0.13333333333333333 0.044444444444444446 0.044444444444444446 0.17777777777777778 0.1111111111111111 0.1111111111111111 0.0070921985815602835 0.0 0.0 0.0 0.004405286343612335 0.0 0.0
train 1 0.1758823529411765 0.0 0.03292311387332493 0.136 0.0 0.05263157894736842 0.0 0.16176470588235295 0.22058823529411764 0.029411764705882353 0.1323529411764706 0.04411764705882353 0.1323529411764706 0.010075566750629723 0.007556675062972292 0.0 0.0 0.0 0.0 0.0
train 0 0.2076923076923077 0.0 0.212793694364252 0.13 0.038461538461538464 0.0 0.0 0.07692307692307693 0.038461538461538464 0.038461538461538464 0.0 0.11538461538461539 0.038461538461538464 0.006172839506172839 0.012345679012345678 0.007692307692307693 0.0 0.0 0.007692307692307693 0.0
train 1 0.2 -0.01 0.06034367779991137 0.10400000000000001 0.0 0.09090909090909091 0.0 0.09615384615384616 0.07692307692307693 0.07692307692307693 0.057692307692307696 0.07692307692307693 0.09615384615384616 0.009202453987730062 0.006134969325153374 0.007462686567164179 0.0 0.0 0.0 0.0
train 0 0.198 0.0 0.09507103305554003 0.13333333333333333 0.025 0.09090909090909091 0.0 0.05 0.125 0.05 0.025 0.1 0.025 0.0 0.004098360655737705 0.0 0.0 0.0 0.0 0.0
train 1 0.17357142857142857 0.01 0.10078563837862457 0.09333333333333334 0.017857142857142856 0.05555555555555555 0.0 0.10714285714285714 0.10714285714285714 0.017857142857142856 0.07142857142857142 0.08928571428571429 0.03571428571428571 0.006153846153846154 0.006153846153846154 0.0 0.0 0.0 0.00398406374501992 0.0
train 1 0.1875 -0.02 0.07422115330835058 0.32 0.0 0.0 0.0 0.09375 0.0625 0.03125 0.09375 0.03125 0.125 0.0 0.005128205128205128 0.006289308176100629 0.0 0.006289308176100629 0.0 0.0
train 0 0.1984 0.0 0.06570837295150735 0.25 0.0 0.0 0.0 0.16 0.2 0.04 0.08 0.0 0.12 0.006493506493506494 0.0 0.0 0.024193548387096774 0.0 0.0 0.0
train 1 0.19448275862068964 -0.01 0.12221041445270989 0.29 0.0 0.0 0.0 0.06896551724137931 0.034482758620689655 0.20689655172413793 0.10344827586206896 0.2413793103448276 0.06896551724137931 0.023121387283236993 0.0 0.014492753623188406 0.0 0.0 0.0 0.0
train 1 0.2208955223880597 0.03 0.07773649232443966 0.07444444444444445 0.014925373134328358 0.4444444444444444 0.05555555555555555 0.14925373134328357 0.05970149253731343 0.04477611940298507 0.08955223880597014 0.05970149253731343 0.13432835820895522 0.004514672686230248 0.0 0.0 0.0 0.0027247956403269754 0.0027247956403269754 0.0027247956403269754
train 0 0.19625806451612904 -0.05 0.06763223749614343 0.13478260869565217 0.0 0.0 0.014705882352941176 0.13548387096774195 0.08387096774193549 0.03870967741935484 0.1064516129032258 0.054838709677419356 0.1 0.005705394190871369 0.006224066390041493 0.0 0.004490057729313663 0.0006414368184733803 0.0012828736369467607 0.0006414368184733803
train 1 0.20135363790186125 -0.03 0.12491557034697144 0.1407142857142857 0.005076142131979695 0.02112676056338028 0.028169014084507043 0.13874788494077833 0.0676818950930626 0.0338409475465313 0.10998307952622674 0.047377326565143825 0.12013536379018612 0.003464818763326226 0.007462686567164179 0.0022965879265091863 0.0022965879265091863 0.0006561679790026247 0.0013123359580052493 0.00032808398950131233
train 1 0.1849056603773585 0.01 0.0273294167184649 0.106 0.018867924528301886 0.0 0.11764705882352941 0.07547169811320754 0.09433962264150944 0.018867924528301886 0.11320754716981132 0.1320754716981132 0.07547169811320754 0.003194888178913738 0.01597444089456869 0.004048582995951417 0.0 0.0 0.0 0.004048582995951417
train 0 0.19954314720812183 0.08 0.07291610770616427 0.12574468085106383 0.00338409475465313 0.035211267605633804 0.04401408450704225 0.1412859560067682 0.08587140439932318 0.051184433164128594 0.0901015228426396 0.06979695431472081 0.10744500846023688 0.0035263800352638005 0.0051539400515394004 0.0023517554174365867 0.003191668066521082 0.0021837728876196874 0.0011758777087182933 0.0010078951789013943
train 1 0.183768115942029 0.03 0.0779280363733341 0.08625 0.014492753623188406 0.0 0.1111111111111111 0.13043478260869565 0.13043478260869565 0.057971014492753624 0.08695652173913043 0.08695652173913043 0.11594202898550725 0.0024875621890547263 0.0024875621890547263 0.0 0.0 0.0 0.003125 0.0
train 0 0.20364820846905538 0.0 0.07611234988439297 0.18606060606060607 0.0 0.04929577464788732 0.014084507042253521 0.15146579804560262 0.06840390879478828 0.05537459283387622 0.08306188925081433 0.07654723127035831 0.13843648208469056 0.0027954256670902162 0.0055908513341804324 0.0021861336664584633 0.004372267332916927 0.0012492192379762648 0.0 0.0003123048094940662
train 1 0.23724137931034484 0.01 0.16021300273293074 0.0725 0.0 0.1 0.1 0.06896551724137931 0.10344827586206896 0.0 0.10344827586206896 0.034482758620689655 0.06896551724137931 0.0 0.005128205128205128 0.0 0.0 0.0 0.0 0.0
train 1 0.19694267515923566 -0.03 0.14534077804690626 0.14272727272727273 0.0 0.0 0.023809523809523808 0.1592356687898089 0.05732484076433121 0.025477707006369428 0.14012738853503184 0.05732484076433121 0.08917197452229299 0.005112474437627812 0.0081799591002045 0.0 0.0012755102040816326 0.0012755102040816326 0.0 0.002551020408163265
train 1 0.21375 -0.01 0.1732304659097265 0.10666666666666666 0.03125 0.0 0.0 0.09375 0.09375 0.0625 0.125 0.0625 0.09375 0.004830917874396135 0.00966183574879227 0.0 0.005988023952095809 0.011976047904191617 0.005988023952095809 0.0
train 0 0.184 0.0 0.08212117257365874 0.1125 0.0 0.08333333333333333 0.0 0.15555555555555556 0.17777777777777778 0.022222222222222223 0.13333333333333333 0.15555555555555556 0.06666666666666667 0.0 0.0 0.0 0.0 0.0 0.0 0.0
train 0 0.1838 0.07 0.03599222551596845 0.1111111111111111 0.005 0.07407407407407407 0.07407407407407407 0.13 0.18 0.085 0.065 0.145 0.07 0.0016877637130801688 0.0033755274261603376 0.003194888178913738 0.002129925452609159 0.003194888178913738 0.0010649627263045794 0.008519701810436636
train 0 0.20366412213740456 -0.05 0.07691696813481978 0.14555555555555555 0.0 0.1 0.03333333333333333 0.15267175572519084 0.10687022900763359 0.04580152671755725 0.09923664122137404 0.061068702290076333 0.12213740458015267 0.0024067388688327317 0.0048134777376654635 0.0 0.0 0.007385524372230428 0.0 0.0014771048744460858
train 0 0.24571428571428572 0.0 0.22594744033303238 0.14 0.07142857142857142 0.0 0.0 0.07142857142857142 0.0 0.07142857142857142 0.35714285714285715 0.07142857142857142 0.0 0.01904761904761905 0.047619047619047616 0.0 0.0 0.0 0.012195121951219513 0.0
train 1 0.19169811320754718 0.0 0.0520701529252723 0.17666666666666667 0.0 0.0 0.0 0.16981132075471697 0.1320754716981132 0.018867924528301886 0.1320754716981132 0.03773584905660377 0.1320754716981132 0.0 0.0 0.007874015748031496 0.0 0.0 0.0 0.0
train 0 0.18922279792746113 -0.01 0.06058660883017011 0.12866666666666668 0.0 0.03773584905660377 0.03773584905660377 0.07772020725388601 0.16062176165803108 0.09326424870466321 0.09326424870466321 0.10880829015544041 0.05181347150259067 0.006878761822871883 0.008598452278589854 0.0 0.0010857763300760044 0.002171552660152009 0.0010857763300760044 0.0054288816503800215
train 0 0.2073846153846154 -0.02 0.09390303191969952 0.10833333333333334 0.0 0.058823529411764705 0.058823529411764705 0.16923076923076924 0.1076923076923077 0.046153846153846156 0.07692307692307693 0.046153846153846156 0.09230769230769231 0.0 0.009523809523809525 0.0029069767441860465 0.0 0.0 0.0 0.0
train 1 0.20533333333333334 -0.01 0.07006481844000721 0.1125 0.0 0.0 0.0 0.15555555555555556 0.08888888888888889 0.022222222222222223 0.044444444444444446 0.044444444444444446 0.1111111111111111 0.007194244604316547 0.0 0.0 0.00881057268722467 0.0 0.0 0.0
train 1 0.16444444444444442 -0.01 0.10145204491924106 0.18 0.0 0.0 0.0 0.05555555555555555 0.05555555555555555 0.0 0.027777777777777776 0.1111111111111111 0.05555555555555555 0.0 0.0051813471502590676 0.006622516556291391 0.0 0.0 0.0 0.0
train 1 0.20181818181818184 -0.02 0.10963852971235935 0.11 0.0 0.0 0.0 0.18181818181818182 0.13636363636363635 0.022727272727272728 0.13636363636363635 0.045454545454545456 0.0 0.014760147601476014 0.0 0.0 0.0 0.004651162790697674 0.0 0.0
train 1 0.20515463917525775 0.02 0.1386326641345632 0.2425 0.0 0.0 0.0 0.11855670103092783 0.010309278350515464 0.05154639175257732 0.07731958762886598 0.06701030927835051 0.0979381443298969 0.003987240829346092 0.004784688995215311 0.0029354207436399216 0.0 0.0009784735812133072 0.0 0.0
train 1 0.1872253864930838 -0.02 0.06699048858907844 0.10073770491803279 0.006102522375915379 0.07207207207207207 0.042042042042042045 0.11106590724165989 0.10699755899104964 0.06550040683482507 0.0951993490642799 0.09804719283970707 0.07445077298616762 0.0038620689655172414 0.006758620689655172 0.0015694480774261052 0.0023541721161391576 0.002266980556282152 0.0009591071584270643 0.0025285552358531695
train 0 0.19293598233995585 0.03 0.11674289036665038 0.11185185185185186 0.01545253863134658 0.03225806451612903 0.02867383512544803 0.0728476821192053 0.10596026490066225 0.08167770419426049 0.10927152317880795 0.12582781456953643 0.033112582781456956 0.0036310820624546117 0.005628177196804648 0.0002314814814814815 0.000925925925925926 0.0032407407407407406 0.003703703703703704 0.0006944444444444445
train 1 0.19341176470588234 0.02 0.03789197316602126 0.12142857142857143 0.0 0.05555555555555555 0.05555555555555555 0.1411764705882353 0.10588235294117647 0.10588235294117647 0.11764705882352941 0.08235294117647059 0.11764705882352941 0.009765625 0.0 0.0024154589371980675 0.007246376811594203 0.0 0.0 0.004830917874396135
train 1 0.19284768211920528 -0.04 0.06933177367061656 0.16777777777777778 0.0 0.0 0.06060606060606061 0.15894039735099338 0.1390728476821192 0.039735099337748346 0.08609271523178808 0.059602649006622516 0.09933774834437085 0.005580357142857143 0.0011160714285714285 0.001402524544179523 0.0070126227208976155 0.004207573632538569 0.001402524544179523 0.0
train 0 0.1947826086956522 0.01 0.18240734210891088 0.07666666666666667 0.043478260869565216 0.0 0.1111111111111111 0.30434782608695654 0.21739130434782608 0.043478260869565216 0.08695652173913043 0.043478260869565216 0.13043478260869565 0.007352941176470588 0.029411764705882353 0.0 0.0 0.0 0.0 0.0
train 1 0.18941176470588236 -0.02 0.03414538252238084 0.22666666666666668 0.0 0.0 0.0 0.19117647058823528 0.029411764705882353 0.058823529411764705 0.08823529411764706 0.07352941176470588 0.14705882352941177 0.004962779156327543 0.004962779156327543 0.0 0.012232415902140673 0.0 0.0 0.0
train 0 0.214468085106383 -0.01 0.12301844669783758 0.141 0.0 0.0 0.0 0.09929078014184398 0.028368794326241134 0.06382978723404255 0.11347517730496454 0.07092198581560284 0.0851063829787234 0.001075268817204301 0.004301075268817204 0.00392156862745098 0.00261437908496732 0.0 0.0 0.00130718954248366
train 1 0.2206451612903226 0.0 0.131191937197902 0.20666666666666667 0.016129032258064516 0.0 0.0 0.1935483870967742 0.03225806451612903 0.0 0.03225806451612903 0.016129032258064516 0.1774193548387097 0.0 0.011655011655011656 0.0028328611898017 0.0028328611898017 0.0 0.0028328611898017 0.0
train 1 0.2 0.01 0.0699904916382348 0.125 0.0 0.0 0.0 0.04 0.12 0.12 0.04 0.16 0.04 0.0 0.0189873417721519 0.0 0.0 0.0 0.0 0.0
train 1 0.2105263157894737 0.0 0.127827118554258 0.19 0.0 0.0 0.0 0.13157894736842105 0.05263157894736842 0.10526315789473684 0.02631578947368421 0.10526315789473684 0.13157894736842105 0.011811023622047244 0.003937007874015748 0.004761904761904762 0.014285714285714285 0.0 0.0 0.0
train 1 0.20102564102564102 0.01 0.053920872646752174 0.39 0.0 0.0 0.0 0.1282051282051282 0.05128205128205128 0.10256410256410256 0.1282051282051282 0.1282051282051282 0.07692307692307693 0.0 0.0 0.0 0.0 0.0053475935828877 0.0 0.0
train 1 0.19736526946107782 0.02 0.126769672244526 0.13916666666666666 0.0 0.10869565217391304 0.043478260869565216 0.09580838323353294 0.11377245508982035 0.08982035928143713 0.0718562874251497 0.11377245508982035 0.07784431137724551 0.0049261083743842365 0.008866995073891626 0.0012315270935960591 0.0024630541871921183 0.0049261083743842365 0.0 0.0012315270935960591
train 1 0.17894736842105263 0.0 0.06854851766700716 0.06333333333333332 0.0 0.0 0.16666666666666666 0.10526315789473684 0.15789473684210525 0.05263157894736842 0.05263157894736842 0.10526315789473684 0.10526315789473684 0.0 0.0 0.0 0.0 0.0 0.0 0.0
train 0 0.19636363636363638 0.0 0.10082168516644717 0.22 0.022727272727272728 0.14285714285714285 0.07142857142857142 0.11363636363636363 0.13636363636363635 0.06818181818181818 0.11363636363636363 0.09090909090909091 0.09090909090909091 0.0038022813688212928 0.011406844106463879 0.0 0.0 0.0 0.0049261083743842365 0.0049261083743842365
train 1 0.19826086956521738 -0.03 0.16052919342666605 0.1725 0.0 0.058823529411764705 0.058823529411764705 0.17391304347826086 0.11594202898550725 0.028985507246376812 0.11594202898550725 0.057971014492753624 0.13043478260869565 0.004662004662004662 0.002331002331002331 0.0 0.0 0.01440922190201729 0.0 0.0
train 1 0.1987878787878788 0.0 0.03357926261891808 0.33 0.0 0.0 0.0 0.15151515151515152 0.030303030303030304 0.0 0.24242424242424243 0.0 0.15151515151515152 0.0 0.0 0.01818181818181818 0.006060606060606061 0.0 0.0 0.0
train 1 0.19855855855855858 0.06 0.049817365886497274 0.10090909090909092 0.0 0.0 0.0 0.15315315315315314 0.0990990990990991 0.06306306306306306 0.05405405405405406 0.11711711711711711 0.12612612612612611 0.0043541364296081275 0.008708272859216255 0.001834862385321101 0.003669724770642202 0.001834862385321101 0.0 0.001834862385321101
train 0 0.18785714285714283 0.0 0.10540298674422507 0.09333333333333334 0.017857142857142856 0.08333333333333333 0.08333333333333333 0.14285714285714285 0.08928571428571429 0.017857142857142856 0.14285714285714285 0.05357142857142857 0.10714285714285714 0.003003003003003003 0.006006006006006006 0.0037313432835820895 0.0 0.0 0.0 0.0
train 1 0.1957894736842105 0.0 0.06259916809193967 0.06333333333333332 0.0 0.0 0.0 0.10526315789473684 0.10526315789473684 0.05263157894736842 0.10526315789473684 0.10526315789473684 0.0 0.0 0.0 0.0 0.0 0.0 0.0 0.011904761904761904
train 0 0.1963005780346821 0.03 0.05643492365344818 0.14416666666666667 0.011560693641618497 0.06521739130434782 0.06521739130434782 0.1676300578034682 0.10404624277456648 0.017341040462427744 0.15606936416184972 0.057803468208092484 0.16184971098265896 0.0046210720887245845 0.0009242144177449168 0.0011534025374855825 0.006920415224913495 0.0 0.0034602076124567475 0.0011534025374855825
train 1 0.21647058823529414 0.01 0.05993064489065384 0.11333333333333334 0.0 0.0 0.0 0.17647058823529413 0.08823529411764706 0.029411764705882353 0.058823529411764705 0.058823529411764705 0.14705882352941177 0.0 0.008928571428571428 0.016129032258064516 0.0 0.0 0.0 0.0
train 0 0.2 -0.01 0.08633268393505042 0.107 0.009345794392523364 0.0 0.0967741935483871 0.04672897196261682 0.09345794392523364 0.06542056074766354 0.19626168224299065 0.06542056074766354 0.018691588785046728 0.004531722054380665 0.00906344410876133 0.001890359168241966 0.003780718336483932 0.001890359168241966 0.0 0.0
train 1 0.17600000000000002 0.01 0.06664305112764199 0.15 0.022222222222222223 0.07142857142857142 0.14285714285714285 0.06666666666666667 0.2 0.0 0.08888888888888889 0.0 0.06666666666666667 0.0 0.0038314176245210726 0.0 0.00975609756097561 0.004878048780487805 0.004878048780487805 0.0
train 0 0.2033226837060703 0.05 0.09978025873966048 0.24076923076923076 0.003194888178913738 0.0 0.06493506493506493 0.11182108626198083 0.04472843450479233 0.04792332268370607 0.13099041533546327 0.07348242811501597 0.09584664536741214 0.0030120481927710845 0.007530120481927711 0.003740648379052369 0.0024937655860349127 0.0024937655860349127 0.0006234413965087282 0.0
train 1 0.17100917431192658 0.03 0.037751223694858047 0.09083333333333334 0.027522935779816515 0.0625 0.0 0.08256880733944955 0.1926605504587156 0.06422018348623854 0.07339449541284404 0.1559633027522936 0.03669724770642202 0.003284072249589491 0.0049261083743842365 0.0 0.0 0.002105263157894737 0.004210526315789474 0.002105263157894737
train 0 0.1992248062015504 0.19 0.0958234459522836 0.14884615384615385 0.007751937984496124 0.009389671361502348 0.051643192488262914 0.12144702842377261 0.11886304909560723 0.05426356589147287 0.11498708010335917 0.09302325581395349 0.07235142118863049 0.00622535795808259 0.00622535795808259 0.0018125323666494044 0.0005178663904712584 0.0005178663904712584 0.0018125323666494044 0.0007767995857068876
train 1 0.18987951807228917 0.01 0.07675626719642145 0.11857142857142858 0.0 0.09090909090909091 0.0 0.12048192771084337 0.12048192771084337 0.03614457831325301 0.0963855421686747 0.08433734939759036 0.12048192771084337 0.009765625 0.005859375 0.007246376811594203 0.004830917874396135 0.0 0.0 0.0
train 1 0.17926701570680628 0.0 0.03549661497050124 0.191 0.020942408376963352 0.017857142857142856 0.08928571428571429 0.08900523560209424 0.193717277486911 0.05235602094240838 0.11518324607329843 0.07853403141361257 0.06282722513089005 0.00441306266548985 0.00706090026478376 0.0033783783783783786 0.0033783783783783786 0.0022522522522522522 0.009009009009009009 0.0033783783783783786
train 1 0.18545454545454546 0.0 0.14903297757484232 0.22 0.0 0.0 0.0 0.13636363636363635 0.08333333333333333 0.015151515151515152 0.13636363636363635 0.007575757575757576 0.11363636363636363 0.0026041666666666665 0.0026041666666666665 0.0 0.0 0.0049261083743842365 0.0 0.0
train 0 0.21925925925925926 0.0 0.09153507218275941 0.135 0.0 0.0 0.0 0.14814814814814814 0.0 0.14814814814814814 0.0 0.18518518518518517 0.14814814814814814 0.005208333333333333 0.010416666666666666 0.006172839506172839 0.0 0.0 0.0 0.0
train 0 0.19166666666666668 -0.01 0.0708978876521804 0.096 0.0 0.06666666666666667 0.0 0.1875 0.16666666666666666 0.041666666666666664 0.020833333333333332 0.020833333333333332 0.10416666666666667 0.0034482758620689655 0.0034482758620689655 0.004310344827586207 0.0 0.0 0.0 0.004310344827586207
train 1 0.1950194552529183 0.13 0.1004565275915509 0.10279999999999999 0.007782101167315175 0.08450704225352113 0.11267605633802817 0.14785992217898833 0.05058365758754864 0.07782101167315175 0.09727626459143969 0.10116731517509728 0.12062256809338522 0.0038510911424903724 0.007060333761232349 0.001607717041800643 0.0 0.0040192926045016075 0.0008038585209003215 0.0
train 0 0.20109413854351688 0.11 0.07291501773764969 0.1414572864321608 0.007104795737122558 0.060759493670886074 0.0379746835443038 0.12966252220248667 0.09449378330373001 0.04298401420959148 0.11012433392539965 0.0674955595026643 0.09378330373001777 0.004869210734911108 0.004925829464386819 0.0022743425728500356 0.002061122956645345 0.0014925373134328358 0.0018479033404406539 0.003056147832267235
train 0 0.18442978322337417 0.23 0.06954319957612222 0.14337837837837838 0.000942507068803016 0.06367041198501873 0.026217228464419477 0.09613572101790764 0.0999057492931197 0.0527803958529689 0.1112158341187559 0.08294062205466542 0.07540056550424128 0.006562099871959027 0.004801536491677336 0.00182370820668693 0.0012158054711246201 0.0012158054711246201 0.00020263424518743666 0.00020263424518743666
train 0 0.21420000000000003 0.05 0.05879299737121763 0.13333333333333333 0.01 0.0 0.0 0.17 0.14 0.05 0.145 0.065 0.16 0.002253944402704733 0.009015777610818933 0.0037209302325581397 0.0009302325581395349 0.0 0.0018604651162790699 0.0027906976744186047
train 1 0.1862857142857143 0.0 0.1366327614999241 0.14 0.0 0.0 0.0 0.15714285714285714 0.07142857142857142 0.02857142857142857 0.07142857142857142 0.04285714285714286 0.11428571428571428 0.0175 0.0075 0.0031847133757961785 0.0 0.0 0.0 0.0
train 1 0.18 -0.01 0.06229037726787928 0.145 0.0 0.0 0.06666666666666667 0.1724137931034483 0.10344827586206896 0.06896551724137931 0.05172413793103448 0.1896551724137931 0.10344827586206896 0.0029154518950437317 0.0 0.003676470588235294 0.007352941176470588 0.007352941176470588 0.0 0.007352941176470588
train 1 0.18057142857142858 0.0 0.07042420077824742 0.35 0.0 0.0 0.0 0.17142857142857143 0.05714285714285714 0.0 0.11428571428571428 0.02857142857142857 0.14285714285714285 0.004784688995215311 0.004784688995215311 0.0 0.0 0.005988023952095809 0.0 0.0
train 1 0.226 0.0 0.13151462609765646 0.1 0.0 0.0 0.0 0.25 0.1 0.15 0.05 0.15 0.2 0.0072992700729927005 0.014598540145985401 0.0 0.0 0.0 0.0 0.0
train 1 0.18285714285714286 0.0 0.1473156856008246 0.11666666666666665 0.02857142857142857 0.1 0.1 0.11428571428571428 0.14285714285714285 0.02857142857142857 0.11428571428571428 0.02857142857142857 0.08571428571428572 0.015384615384615385 0.010256410256410256 0.0 0.0 0.006535947712418301 0.0 0.0
train 1 0.19755102040816325 0.0 0.12059753147861303 0.16333333333333333 0.0 0.0 0.0 0.12244897959183673 0.061224489795918366 0.0 0.10204081632653061 0.0 0.10204081632653061 0.003236245954692557 0.003236245954692557 0.003968253968253968 0.0 0.0 0.0 0.0
train 1 0.22344827586206897 0.01 0.11087559861212634 0.2175 0.0 0.0 0.0 0.14942528735632185 0.10344827586206896 0.034482758620689655 0.11494252873563218 0.04597701149425287 0.10344827586206896 0.001639344262295082 0.004918032786885246 0.0 0.016494845360824743 0.0 0.0 0.0
train 1 0.18272727272727274 -0.01 0.13369036299569328 0.06285714285714286 0.0 0.5555555555555556 0.1111111111111111 0.18181818181818182 0.1590909090909091 0.09090909090909091 0.09090909090909091 0.09090909090909091 0.045454545454545456 0.0125 0.0 0.0 0.0051813471502590676 0.015544041450777202 0.0 0.0
train 0 0.17876923076923076 -0.01 0.06415175517474303 0.1625 0.015384615384615385 0.03125 0.0 0.09230769230769231 0.1076923076923077 0.07692307692307693 0.07692307692307693 0.1076923076923077 0.06153846153846154 0.00684931506849315 0.00684931506849315 0.0017421602787456446 0.0 0.0017421602787456446 0.0017421602787456446 0.003484320557491289
train 1 0.22197424892703865 -0.02 0.08407710678867264 0.12944444444444445 0.0 0.0 0.07407407407407407 0.16738197424892703 0.07296137339055794 0.06437768240343347 0.0944206008583691 0.07296137339055794 0.15879828326180256 0.005750798722044728 0.005750798722044728 0.005426356589147287 0.0007751937984496124 0.0007751937984496124 0.0 0.0007751937984496124
train 1 0.1971631205673759 -0.02 0.08455500113251452 0.12818181818181817 0.0070921985815602835 0.047619047619047616 0.023809523809523808 0.19148936170212766 0.1276595744680851 0.03546099290780142 0.0851063829787234 0.05673758865248227 0.09219858156028368 0.002304147465437788 0.0069124423963133645 0.0014534883720930232 0.0 0.0 0.0029069767441860465 0.0029069767441860465
train 1 0.21173333333333333 -0.01 0.09993101776758581 0.10714285714285714 0.0 0.05555555555555555 0.0 0.21333333333333335 0.10666666666666667 0.05333333333333334 0.12 0.05333333333333334 0.12 0.004132231404958678 0.002066115702479339 0.005025125628140704 0.005025125628140704 0.0 0.0 0.010050251256281407
train 1 0.20444444444444443 0.0 0.11391183117789751 0.135 0.037037037037037035 0.14285714285714285 0.0 0.1111111111111111 0.07407407407407407 0.037037037037037035 0.07407407407407407 0.07407407407407407 0.037037037037037035 0.005813953488372093 0.011627906976744186 0.0 0.0 0.0 0.007194244604316547 0.0
train 1 0.2007547169811321 0.01 0.10183022772579194 0.106 0.0 0.13333333333333333 0.0 0.1509433962264151 0.018867924528301886 0.1509433962264151 0.11320754716981132 0.1509433962264151 0.11320754716981132 0.003048780487804878 0.009146341463414634 0.0 0.003816793893129771 0.007633587786259542 0.0 0.0
train 1 0.17818181818181816 0.03 0.06612633409434125 0.18333333333333332 0.0 0.0 0.0 0.10909090909090909 0.16363636363636364 0.05454545454545454 0.10909090909090909 0.09090909090909091 0.09090909090909091 0.006430868167202572 0.006430868167202572 0.0 0.008298755186721992 0.0 0.0 0.0
train 1 0.17265306122448978 -0.03 0.06338384674301512 0.13066666666666665 0.0 0.13333333333333333 0.016666666666666666 0.0663265306122449 0.16326530612244897 0.061224489795918366 0.08673469387755102 0.08673469387755102 0.030612244897959183 0.002705139765554554 0.0036068530207394047 0.0011695906432748538 0.0023391812865497076 0.0035087719298245615 0.0 0.007017543859649123
train 0 0.21185185185185187 0.0 0.10174568550316634 0.135 0.0 0.0 0.0 0.2222222222222222 0.037037037037037035 0.07407407407407407 0.07407407407407407 0.07407407407407407 0.14814814814814814 0.005813953488372093 0.005813953488372093 0.0 0.0 0.0 0.0 0.0
train 1 0.23017543859649123 0.01 0.2098345309551635 0.57 0.017543859649122806 0.0 0.0 0.22807017543859648 0.0 0.07017543859649122 0.10526315789473684 0.14035087719298245 0.19298245614035087 0.005050505050505051 0.012626262626262626 0.006042296072507553 0.0 0.0030211480362537764 0.0030211480362537764 0.0
train 1 0.1824390243902439 0.0 0.03970047978347673 0.13666666666666666 0.024390243902439025 0.0 0.0 0.12195121951219512 0.0975609756097561 0.024390243902439025 0.1951219512195122 0.024390243902439025 0.0975609756097561 0.008333333333333333 0.004166666666666667 0.0 0.021505376344086023 0.016129032258064516 0.005376344086021506 0.005376344086021506
train 1 0.18929577464788733 -0.04 0.07729502469259317 0.142 0.0 0.0 0.1875 0.08450704225352113 0.09859154929577464 0.014084507042253521 0.15492957746478872 0.11267605633802817 0.08450704225352113 0.004830917874396135 0.0024154589371980675 0.0030120481927710845 0.012048192771084338 0.0 0.0 0.006024096385542169
train 0 0.18162162162162163 -0.01 0.044297779517870124 0.12333333333333334 0.0 0.0 0.0 0.21621621621621623 0.08108108108108109 0.02702702702702703 0.02702702702702703 0.08108108108108109 0.1891891891891892 0.004761904761904762 0.009523809523809525 0.005917159763313609 0.0 0.0 0.0 0.005917159763313609
train 1 0.2225 -0.01 0.17596237205660273 0.16 0.0 0.2857142857142857 0.0 0.15625 0.0625 0.03125 0.0625 0.03125 0.15625 0.009302325581395349 0.013953488372093023 0.0 0.0 0.0 0.0 0.0
train 0 0.18431372549019606 0.01 0.10178333876198278 0.17 0.0 0.0 0.0 0.09803921568627451 0.09803921568627451 0.0196078431372549 0.2549019607843137 0.058823529411764705 0.058823529411764705 0.0 0.0033112582781456954 0.0 0.004132231404958678 0.0 0.0 0.008264462809917356
train 1 0.1924324324324324 -0.01 0.14507734424955746 0.37 0.0 0.0 0.0 0.08108108108108109 0.13513513513513514 0.02702702702702703 0.08108108108108109 0.02702702702702703 0.05405405405405406 0.0 0.0 0.0 0.0 0.011235955056179775 0.0 0.0
train 0 0.18448979591836737 0.0 0.06463859664342274 0.16333333333333333 0.0 0.0 0.0 0.20408163265306123 0.10204081632653061 0.061224489795918366 0.08163265306122448 0.061224489795918366 0.12244897959183673 0.007017543859649123 0.007017543859649123 0.004329004329004329 0.004329004329004329 0.0 0.0 0.0
train 1 0.15636363636363637 0.0 0.04991000106778394 0.22 0.0 0.0 0.0 0.06818181818181818 0.1590909090909091 0.022727272727272728 0.11363636363636363 0.06818181818181818 0.045454545454545456 0.004464285714285714 0.008928571428571428 0.0 0.0 0.005714285714285714 0.0 0.0
train 1 0.19707317073170733 0.01 0.13420977601464587 0.08199999999999999 0.0 0.15384615384615385 0.0 0.12195121951219512 0.0975609756097561 0.07317073170731707 0.0975609756097561 0.07317073170731707 0.12195121951219512 0.008032128514056224 0.0 0.0 0.0 0.0 0.0 0.005
train 0 0.1984375 -0.04 0.06309820529671682 0.128 0.0234375 0.03333333333333333 0.06666666666666667 0.2109375 0.125 0.03125 0.140625 0.046875 0.109375 0.008849557522123894 0.0 0.003110419906687403 0.0 0.0 0.0 0.0
train 0 0.1929032258064516 -0.02 0.06487923298012266 0.17714285714285716 0.0 0.029411764705882353 0.11764705882352941 0.0967741935483871 0.0967741935483871 0.056451612903225805 0.1532258064516129 0.0967741935483871 0.0967741935483871 0.00392156862745098 0.00522875816993464 0.0 0.0 0.0 0.0 0.003278688524590164
train 1 0.19647058823529412 0.02 0.02675501656560605 0.085 0.0 0.0 0.0 0.20588235294117646 0.058823529411764705 0.058823529411764705 0.029411764705882353 0.08823529411764706 0.11764705882352941 0.004830917874396135 0.0 0.0 0.011834319526627219 0.005917159763313609 0.0 0.0
train 1 0.15578947368421053 0.01 0.09370593551387839 0.06333333333333332 0.05263157894736842 0.0 0.0 0.10526315789473684 0.2631578947368421 0.10526315789473684 0.0 0.15789473684210525 0.0 0.0 0.0 0.0 0.0 0.0 0.0 0.0
train 0 0.1551219512195122 0.0 0.07522792102466581 0.205 0.0 0.0 0.0 0.14634146341463414 0.17073170731707318 0.024390243902439025 0.07317073170731707 0.07317073170731707 0.07317073170731707 0.004608294930875576 0.009216589861751152 0.0 0.0 0.0 0.0 0.0
train 0 0.19020408163265304 -0.01 0.0958803567290779 0.14 0.01020408163265306 0.043478260869565216 0.0 0.12244897959183673 0.09183673469387756 0.04081632653061224 0.08163265306122448 0.061224489795918366 0.12244897959183673 0.0033500837520938024 0.008375209380234505 0.0 0.002074688796680498 0.002074688796680498 0.002074688796680498 0.004149377593360996
train 0 0.18823529411764706 -0.01 0.06734157391352984 0.17 0.0 0.0 0.0 0.11764705882352941 0.17647058823529413 0.058823529411764705 0.08823529411764706 0.08823529411764706 0.029411764705882353 0.0 0.009900990099009901 0.006211180124223602 0.0 0.0 0.0 0.006211180124223602
train 0 0.168 0.0 0.04747309293424848 0.0875 0.0 0.1111111111111111 0.0 0.02857142857142857 0.2 0.0 0.05714285714285714 0.05714285714285714 0.05714285714285714 0.005076142131979695 0.005076142131979695 0.0 0.0 0.0 0.0 0.00641025641025641
train 1 0.20600000000000002 0.0 0.06958512780356843 0.26666666666666666 0.0 0.0 0.0 0.175 0.0625 0.0125 0.1125 0.05 0.1375 0.003898635477582846 0.007797270955165692 0.004807692307692308 0.002403846153846154 0.002403846153846154 0.004807692307692308 0.0
train 0 0.2537931034482759 -0.01 0.10204227267204252 0.145 0.0 0.0 0.0 0.2413793103448276 0.06896551724137931 0.034482758620689655 0.10344827586206896 0.034482758620689655 0.2413793103448276 0.004524886877828055 0.00904977375565611 0.0 0.0 0.0 0.0 0.0
train 1 0.20600000000000002 -0.03 0.04876461211477152 0.1 0.0 0.0 0.0 0.0875 0.125 0.0125 0.1375 0.0375 0.0875 0.0038461538461538464 0.0038461538461538464 0.004807692307692308 0.009615384615384616 0.0 0.0 0.0
train 1 0.22428571428571428 0.01 0.05951914856215992 0.09333333333333334 0.0 0.2222222222222222 0.0 0.21428571428571427 0.0 0.03571428571428571 0.07142857142857142 0.03571428571428571 0.17857142857142858 0.0 0.0 0.006535947712418301 0.0 0.0 0.0 0.0
train 1 0.20347826086956522 0.01 0.19711976888115035 0.115 0.0 0.0 0.0 0.13043478260869565 0.08695652173913043 0.043478260869565216 0.2608695652173913 0.043478260869565216 0.13043478260869565 0.006289308176100629 0.025157232704402517 0.0 0.008130081300813009 0.0 0.0 0.0
train 1 0.19725 0.01 0.1007642811864944 0.15483870967741936 0.0125 0.0 0.008264462809917356 0.1125 0.07916666666666666 0.08125 0.08333333333333333 0.10833333333333334 0.08333333333333333 0.006399461098012799 0.005389019872010778 0.0012583892617449664 0.003355704697986577 0.0012583892617449664 0.003355704697986577 0.0020973154362416107
train 1 0.19166666666666668 0.0 0.09062307735331954 0.12 0.0 0.0 0.0 0.08333333333333333 0.0 0.08333333333333333 0.041666666666666664 0.125 0.041666666666666664 0.007142857142857143 0.0 0.0 0.0 0.0 0.0 0.0
train 1 0.2323404255319149 0.02 0.1419893539669147 0.10444444444444445 0.0 0.0 0.0 0.2127659574468085 0.05319148936170213 0.05319148936170213 0.11702127659574468 0.10638297872340426 0.11702127659574468 0.0045662100456621 0.0060882800608828 0.0 0.0 0.0 0.001876172607879925 0.0
train 1 0.20633663366336635 -0.02 0.07778526608184058 0.12625 0.0 0.08695652173913043 0.0 0.12871287128712872 0.04950495049504951 0.009900990099009901 0.039603960396039604 0.0297029702970297 0.1188118811881188 0.009146341463414634 0.006097560975609756 0.001869158878504673 0.003738317757009346 0.0 0.0 0.001869158878504673
train 1 0.21333333333333332 0.01 0.07838720557552707 0.11 0.030303030303030304 0.2222222222222222 0.0 0.15151515151515152 0.09090909090909091 0.030303030303030304 0.15151515151515152 0.030303030303030304 0.030303030303030304 0.0 0.0 0.006060606060606061 0.0 0.006060606060606061 0.006060606060606061 0.0
train 1 0.1966393442622951 -0.05 0.07156984932409943 0.11090909090909092 0.0030737704918032786 0.07394366197183098 0.02112676056338028 0.125 0.09836065573770492 0.05225409836065574 0.10245901639344263 0.0706967213114754 0.10450819672131148 0.004618175820550882 0.004453240969816922 0.004322766570605188 0.0022643062988884316 0.0008233841086867024 0.0008233841086867024 0.0018526142445450802
train 1 0.18921985815602838 -0.03 0.10552377506952766 0.15666666666666665 0.0 0.034482758620689655 0.0 0.09929078014184398 0.09219858156028368 0.07092198581560284 0.11347517730496454 0.09219858156028368 0.07801418439716312 0.005988023952095809 0.004790419161676647 0.002967359050445104 0.001483679525222552 0.001483679525222552 0.0 0.001483679525222552
train 0 0.19757575757575757 0.0 0.038135564493302625 0.132 0.03787878787878788 0.0 0.02702702702702703 0.12878787878787878 0.1893939393939394 0.045454545454545456 0.09848484848484848 0.07575757575757576 0.08333333333333333 0.0036719706242350062 0.0036719706242350062 0.0 0.004573170731707317 0.001524390243902439 0.004573170731707317 0.006097560975609756
train 1 0.19714285714285715 0.01 0.08526923046191462 0.14 0.0 0.05263157894736842 0.0 0.12857142857142856 0.11428571428571428 0.05714285714285714 0.1 0.05714285714285714 0.1 0.0022727272727272726 0.0022727272727272726 0.002857142857142857 0.0 0.002857142857142857 0.0 0.0
train 0 0.1803921568627451 0.02 0.030892853813598825 0.17 0.0 0.0 0.0 0.11764705882352941 0.09803921568627451 0.0196078431372549 0.11764705882352941 0.0196078431372549 0.0784313725490196 0.0 0.006514657980456026 0.0 0.0 0.0 0.0 0.00851063829787234
train 1 0.195534516765286 -0.31 0.09024916894226397 0.12738693467336681 0.010650887573964497 0.04874446085672083 0.04283604135893648 0.1136094674556213 0.09664694280078895 0.06627218934911243 0.08954635108481263 0.10493096646942801 0.07731755424063116 0.0046891058581706065 0.006230729701952723 0.0024961752153957644 0.002657218777679362 0.0016104356228359771 0.0024156534342539655 0.002657218777679362
train 1 0.20471482889733839 -0.01 0.15910162463046373 0.11434782608695652 0.011406844106463879 0.024390243902439025 0.0 0.1482889733840304 0.06844106463878327 0.022813688212927757 0.1444866920152091 0.057034220532319393 0.11787072243346007 0.006571087216248507 0.011350059737156512 0.0007446016381236039 0.007446016381236039 0.0037230081906180195 0.0022338049143708115 0.0
train 0 0.1923913043478261 -0.02 0.13303833499101447 0.10823529411764707 0.010869565217391304 0.09836065573770492 0.0 0.1358695652173913 0.125 0.03804347826086957 0.10869565217391304 0.05434782608695652 0.06521739130434782 0.002697841726618705 0.0035971223021582736 0.0 0.0011389521640091116 0.0011389521640091116 0.002277904328018223 0.0
train 1 0.20387096774193547 0.0 0.061890955148317814 0.10333333333333333 0.03225806451612903 0.07692307692307693 0.0 0.0967741935483871 0.12903225806451613 0.0 0.12903225806451613 0.06451612903225806 0.0 0.010256410256410256 0.0 0.006578947368421052 0.013157894736842105 0.0 0.006578947368421052 0.0
train 1 0.17789954337899544 0.06 0.07664025625328662 0.05341463414634147 0.0319634703196347 0.0625 0.125 0.0547945205479452 0.1872146118721461 0.0867579908675799 0.0547945205479452 0.1917808219178082 0.0091324200913242 0.0023328149300155523 0.006998444790046656 0.001040582726326743 0.001040582726326743 0.002081165452653486 0.007284079084287201 0.002081165452653486
train 0 0.166 0.01 0.07821186867274456 0.2 0.0 0.0 0.0 0.05 0.15 0.05 0.05 0.05 0.05 0.0 0.0 0.0 0.0 0.0 0.0 0.0
train 0 0.20545454545454547 0.0 0.05175447070966955 0.22 0.0 0.0 0.0 0.13636363636363635 0.045454545454545456 0.045454545454545456 0.18181818181818182 0.045454545454545456 0.09090909090909091 0.007142857142857143 0.0 0.0 0.0 0.0 0.0 0.0
train 1 0.1936842105263158 0.0 0.11493563457275663 0.2533333333333333 0.0 0.0 0.0 0.10526315789473684 0.05263157894736842 0.07894736842105263 0.10526315789473684 0.07894736842105263 0.11842105263157894 0.004357298474945534 0.010893246187363835 0.0027472527472527475 0.0 0.0027472527472527475 0.0 0.005494505494505495
train 1 0.19154121863799284 0.01 0.057348271665302465 0.1073076923076923 0.0035842293906810036 0.06578947368421052 0.039473684210526314 0.11827956989247312 0.0967741935483871 0.06810035842293907 0.1003584229390681 0.08602150537634409 0.08243727598566308 0.004186602870813397 0.00777511961722488 0.0014958863126402393 0.0014958863126402393 0.005235602094240838 0.0 0.0007479431563201197
train 0 0.21333333333333332 0.0 0.10442418479780749 0.21 0.0 0.07692307692307693 0.0 0.12698412698412698 0.14285714285714285 0.015873015873015872 0.07936507936507936 0.031746031746031744 0.07936507936507936 0.0 0.00477326968973747 0.002898550724637681 0.002898550724637681 0.002898550724637681 0.002898550724637681 0.002898550724637681
train 1 0.20790123456790124 -0.01 0.09423083429832503 0.162 0.0 0.0 0.0 0.19753086419753085 0.08641975308641975 0.06172839506172839 0.1111111111111111 0.09876543209876543 0.1111111111111111 0.0019120458891013384 0.0057361376673040155 0.002336448598130841 0.0 0.002336448598130841 0.0 0.007009345794392523
train 1 0.1928 -0.02 0.21344370490519604 0.08333333333333334 0.0 0.23529411764705882 0.17647058823529413 0.18 0.06 0.14 0.14 0.16 0.08 0.006666666666666667 0.0 0.0 0.0 0.013043478260869565 0.0 0.0
train 1 0.19111111111111112 0.0 0.1245297089695546 0.1125 0.022222222222222223 0.0 0.09090909090909091 0.15555555555555556 0.13333333333333333 0.022222222222222223 0.08888888888888889 0.08888888888888889 0.08888888888888889 0.007380073800738007 0.01107011070110701 0.0045662100456621 0.0 0.0 0.0045662100456621 0.0
train 0 0.2 -0.01 0.04670691407051102 0.24 0.0 0.0 0.0 0.17708333333333334 0.0625 0.07291666666666667 0.10416666666666667 0.07291666666666667 0.17708333333333334 0.00667779632721202 0.00667779632721202 0.002066115702479339 0.004132231404958678 0.0 0.0 0.002066115702479339
train 1 0.24263736263736263 0.06 0.23664265708004173 0.30333333333333334 0.0 0.0 0.0 0.16483516483516483 0.06593406593406594 0.06593406593406594 0.16483516483516483 0.0989010989010989 0.10989010989010989 0.004524886877828055 0.012066365007541479 0.0018181818181818182 0.00909090909090909 0.0018181818181818182 0.0 0.0
train 0 0.1928888888888889 0.01 0.06560800691065247 0.08181818181818182 0.0 0.024390243902439025 0.0 0.15555555555555556 0.13333333333333333 0.03333333333333333 0.05555555555555555 0.06111111111111111 0.12777777777777777 0.004752851711026616 0.009505703422053232 0.0023781212841854932 0.0011890606420927466 0.0035671819262782403 0.0 0.0023781212841854932
train 1 0.19292817679558008 -0.02 0.16594115322182665 0.12928571428571428 0.0 0.06666666666666667 0.0 0.1270718232044199 0.08839779005524862 0.0718232044198895 0.1712707182320442 0.08839779005524862 0.06629834254143646 0.003639672429481347 0.00272975432211101 0.001152073732718894 0.0 0.0034562211981566822 0.0 0.002304147465437788
train 1 0.18580645161290324 0.04 0.09119276714978286 0.11272727272727273 0.008064516129032258 0.0 0.1 0.11290322580645161 0.06451612903225806 0.06451612903225806 0.06451612903225806 0.06451612903225806 0.08064516129032258 0.001364256480218281 0.0068212824010914054 0.0 0.0 0.01206896551724138 0.0017241379310344827 0.0
train 0 0.18375 -0.03 0.042418829352872084 0.128 0.0 0.047619047619047616 0.09523809523809523 0.140625 0.15625 0.046875 0.078125 0.109375 0.109375 0.005063291139240506 0.0 0.0031847133757961785 0.006369426751592357 0.0 0.0 0.0031847133757961785
train 1 0.17623188405797102 0.01 0.13023942752042514 0.23 0.0 0.0 0.0 0.07246376811594203 0.11594202898550725 0.043478260869565216 0.17391304347826086 0.14492753623188406 0.057971014492753624 0.0 0.01485148514851485 0.0 0.0031545741324921135 0.0031545741324921135 0.0 0.0
train 1 0.20740384615384616 0.0 0.1058806904963709 0.16 0.004807692307692308 0.06086956521739131 0.017391304347826087 0.12980769230769232 0.11298076923076923 0.055288461538461536 0.0889423076923077 0.0889423076923077 0.10096153846153846 0.005219985085756898 0.0070842654735272185 0.0018390804597701149 0.003218390804597701 0.0009195402298850574 0.001379310344827586 0.0009195402298850574
train 0 0.2270967741935484 0.0 0.17713157804524682 0.155 0.03225806451612903 0.15384615384615385 0.07692307692307693 0.1935483870967742 0.03225806451612903 0.0 0.25806451612903225 0.0 0.0967741935483871 0.0 0.0047169811320754715 0.0 0.0058823529411764705 0.0 0.0 0.0
train 0 0.19892857142857143 0.0 0.09387959138015069 0.16 0.0 0.07407407407407407 0.037037037037037035 0.09821428571428571 0.08035714285714286 0.08035714285714286 0.08928571428571429 0.08928571428571429 0.08928571428571429 0.0072254335260115606 0.002890173410404624 0.0 0.005376344086021506 0.0035842293906810036 0.0 0.0
train 1 0.20238095238095238 0.01 0.08695023957342879 0.168 0.0 0.058823529411764705 0.0 0.14285714285714285 0.03571428571428571 0.047619047619047616 0.13095238095238096 0.05952380952380952 0.11904761904761904 0.001949317738791423 0.007797270955165692 0.0 0.004819277108433735 0.0 0.0 0.0
train 0 0.18600000000000003 -0.01 0.12089322669053078 0.2 0.0 0.0 0.0 0.05 0.1 0.2 0.0 0.15 0.05 0.026785714285714284 0.0 0.0 0.0 0.011111111111111112 0.0 0.0
train 0 0.2075 0.0 0.06865771295933777 0.16 0.03125 0.0 0.0 0.09375 0.125 0.125 0.0625 0.15625 0.0625 0.0 0.015 0.0125 0.0 0.0 0.00625 0.0
train 0 0.1858682634730539 0.01 0.08973930878664395 0.15181818181818182 0.005988023952095809 0.14285714285714285 0.0 0.12574850299401197 0.0718562874251497 0.04790419161676647 0.11377245508982035 0.07784431137724551 0.10179640718562874 0.0029296875 0.00390625 0.0024479804161566705 0.0 0.0024479804161566705 0.0012239902080783353 0.0
train 1 0.25058823529411767 0.0 0.26736921067436986 0.085 0.0 0.14285714285714285 0.0 0.17647058823529413 0.029411764705882353 0.058823529411764705 0.029411764705882353 0.08823529411764706 0.08823529411764706 0.00398406374501992 0.00796812749003984 0.0 0.0 0.0 0.0 0.0
train 1 0.214 -0.02 0.044636165333631635 0.13333333333333333 0.0 0.2222222222222222 0.0 0.15 0.05 0.0 0.075 0.025 0.15 0.0 0.0 0.014018691588785047 0.014018691588785047 0.0 0.0 0.0
train 1 0.17675675675675678 -0.01 0.09079502904660912 0.185 0.0 0.0 0.0 0.12162162162162163 0.12162162162162163 0.06756756756756757 0.06756756756756757 0.08108108108108109 0.10810810810810811 0.007042253521126761 0.007042253521126761 0.005917159763313609 0.0 0.0029585798816568047 0.0 0.0029585798816568047
train 1 0.18727272727272726 0.01 0.1103198775607747 0.22 0.0 0.0 0.0 0.09090909090909091 0.13636363636363635 0.045454545454545456 0.13636363636363635 0.13636363636363635 0.045454545454545456 0.007352941176470588 0.0 0.009345794392523364 0.0 0.0 0.0 0.0
train 0 0.22117647058823528 0.0 0.06279137864665414 0.17 0.0 0.0 0.0 0.23529411764705882 0.058823529411764705 0.17647058823529413 0.058823529411764705 0.23529411764705882 0.11764705882352941 0.0 0.009174311926605505 0.011111111111111112 0.0 0.0 0.0 0.011111111111111112
train 1 0.2074074074074074 0.01 0.12044684466706579 0.27 0.0 0.0 0.0 0.12345679012345678 0.04938271604938271 0.037037037037037035 0.08641975308641975 0.04938271604938271 0.08641975308641975 0.005859375 0.00390625 0.002380952380952381 0.009523809523809525 0.0 0.0 0.0
train 1 0.2101818181818182 0.0 0.16706344162018416 0.18333333333333332 0.0 0.0 0.0 0.14545454545454545 0.07272727272727272 0.05454545454545454 0.10909090909090909 0.09090909090909091 0.10909090909090909 0.011363636363636364 0.008522727272727272 0.0 0.006993006993006993 0.0 0.0 0.0
train 1 0.26 0.0 0.14155473700190965 0.07 0.07142857142857142 0.0 0.2 0.14285714285714285 0.0 0.0 0.2857142857142857 0.07142857142857142 0.14285714285714285 0.0 0.02830188679245283 0.0 0.0 0.0 0.011235955056179775 0.0
train 0 0.19027027027027027 0.0 0.056007122957176095 0.07400000000000001 0.0 0.07142857142857142 0.0 0.08108108108108109 0.05405405405405406 0.0 0.13513513513513514 0.02702702702702703 0.02702702702702703 0.004672897196261682 0.0 0.0 0.011904761904761904 0.0 0.0 0.011904761904761904
train 1 0.19272727272727275 -0.01 0.11235832795204125 0.18333333333333332 0.01818181818181818 0.0 0.0 0.10909090909090909 0.12727272727272726 0.07272727272727272 0.09090909090909091 0.12727272727272726 0.09090909090909091 0.006134969325153374 0.0 0.0 0.0 0.0038910505836575876 0.0038910505836575876 0.0038910505836575876
train 0 0.2007766990291262 0.0 0.04938374846663412 0.09363636363636363 0.009708737864077669 0.1 0.0 0.10679611650485436 0.05825242718446602 0.10679611650485436 0.10679611650485436 0.0970873786407767 0.05825242718446602 0.004754358161648178 0.0 0.0 0.001996007984031936 0.001996007984031936 0.005988023952095809 0.003992015968063872
train 0 0.212 -0.01 0.09884221712623749 0.2 0.0 0.0 0.0 0.2 0.1 0.0 0.1 0.0 0.1 0.0 0.0 0.009345794392523364 0.0 0.0 0.0 0.0
train 0 0.2 0.0 0.048466391422613005 0.1225 0.0 0.1 0.1 0.1836734693877551 0.061224489795918366 0.10204081632653061 0.10204081632653061 0.14285714285714285 0.12244897959183673 0.0 0.0064516129032258064 0.00392156862745098 0.00392156862745098 0.0 0.0 0.0
train 0 0.2064516129032258 -0.02 0.08535964882209982 0.155 0.0 0.058823529411764705 0.058823529411764705 0.14516129032258066 0.0967741935483871 0.016129032258064516 0.0967741935483871 0.08064516129032258 0.11290322580645161 0.0025188916876574307 0.0 0.003125 0.0 0.003125 0.0 0.0
train 1 0.20057142857142857 -0.02 0.1244644555064601 0.11666666666666665 0.0 0.07142857142857142 0.14285714285714285 0.05714285714285714 0.12857142857142856 0.08571428571428572 0.07142857142857142 0.11428571428571428 0.05714285714285714 0.007246376811594203 0.0024154589371980675 0.0 0.005952380952380952 0.0 0.0 0.002976190476190476
train 0 0.20340425531914894 0.0 0.03683627410262605 0.15666666666666665 0.0 0.0 0.0 0.0851063829787234 0.0851063829787234 0.06382978723404255 0.0 0.1276595744680851 0.0851063829787234 0.0 0.006756756756756757 0.0 0.0 0.004201680672268907 0.0 0.0
train 1 0.18823529411764706 0.0 0.0735499748308071 0.17 0.0 0.0 0.0 0.14705882352941177 0.11764705882352941 0.0 0.11764705882352941 0.0 0.08823529411764706 0.0 0.009900990099009901 0.0 0.012269938650306749 0.0 0.0 0.0
train 0 0.2016 0.0 0.0761899435091448 0.25 0.0 0.0 0.0 0.18 0.08 0.02 0.14 0.02 0.14 0.0031446540880503146 0.006289308176100629 0.0 0.003861003861003861 0.0 0.0 0.007722007722007722
train 1 0.20910891089108913 0.01 0.2609942855687213 0.12625 0.009900990099009901 0.08 0.04 0.0594059405940594 0.039603960396039604 0.0594059405940594 0.04950495049504951 0.09900990099009901 0.0594059405940594 0.0031201248049922 0.0109204368174727 0.0019267822736030828 0.0019267822736030828 0.0038535645472061657 0.0019267822736030828 0.0
train 0 0.19586975149957156 0.14 0.0856288150090921 0.15664429530201343 0.004284490145672665 0.020036429872495445 0.0018214936247723133 0.11610968294772922 0.08654670094258783 0.0664095972579263 0.10197086546700942 0.09125964010282776 0.08697514995715509 0.003982950178184614 0.0067780029348053945 0.002862098872506505 0.0025151777970511707 0.00199479618386817 0.001474414570685169 0.0019080659150043364
train 0 0.1982089552238806 0.01 0.0881355847308566 0.134 0.0 0.0 0.0 0.1791044776119403 0.1044776119402985 0.029850746268656716 0.1044776119402985 0.029850746268656716 0.13432835820895522 0.0 0.007263922518159807 0.0 0.0 0.0029850746268656717 0.0 0.005970149253731343
train 1 0.19523809523809527 0.0 0.12502164017908746 0.14 0.0 0.0 0.0 0.11904761904761904 0.047619047619047616 0.07142857142857142 0.09523809523809523 0.14285714285714285 0.07142857142857142 0.003952569169960474 0.003952569169960474 0.0 0.0 0.0049504950495049506 0.0 0.0049504950495049506
train 1 0.20142857142857143 -0.01 0.11938187658306233 0.28 0.0 0.0 0.0 0.25 0.14285714285714285 0.03571428571428571 0.17857142857142858 0.03571428571428571 0.21428571428571427 0.0 0.0 0.0 0.0 0.0 0.0 0.0
train 1 0.1773913043478261 -0.01 0.09876780386024897 0.115 0.0 0.0 0.0 0.13043478260869565 0.17391304347826086 0.0 0.043478260869565216 0.043478260869565216 0.043478260869565216 0.0 0.0 0.010101010101010102 0.0 0.0 0.0 0.0
train 0 0.18416666666666667 0.0 0.033550767194287526 0.24 0.0 0.0 0.06666666666666667 0.20833333333333334 0.0625 0.041666666666666664 0.14583333333333334 0.08333333333333333 0.16666666666666666 0.003484320557491289 0.010452961672473868 0.0 0.0 0.004464285714285714 0.0 0.004464285714285714
train 1 0.1656 0.01 0.0821153308350579 0.125 0.02 0.0 0.1111111111111111 0.04 0.2 0.04 0.06 0.1 0.04 0.0 0.015267175572519083 0.0 0.0 0.009708737864077669 0.0048543689320388345 0.0
train 0 0.198525921299188 0.2 0.09650695481273083 0.15696078431372548 0.00905683947532792 0.04050632911392405 0.03417721518987342 0.11524047470331043 0.08557151780137415 0.06870705808869457 0.11430356027482823 0.09962523422860713 0.08463460337289194 0.004980434009249377 0.006759160441124155 0.002032778554186253 0.0016516325752763308 0.002540973192732817 0.002096302884004574 0.0012069622665480879
train 1 0.204 -0.01 0.09352941998993233 0.16 0.0 0.0 0.0 0.1875 0.0625 0.0125 0.0625 0.05 0.125 0.0 0.005928853754940711 0.002403846153846154 0.01201923076923077 0.0 0.0 0.002403846153846154
train 0 0.1629268292682927 0.0 0.0694615156901611 0.205 0.07317073170731707 0.0 0.07692307692307693 0.0975609756097561 0.12195121951219512 0.04878048780487805 0.14634146341463414 0.04878048780487805 0.024390243902439025 0.0 0.004651162790697674 0.0 0.00625 0.0 0.01875 0.0
train 1 0.22533333333333336 -0.01 0.17975091820944497 0.1 0.0 0.0 0.2 0.13333333333333333 0.03333333333333333 0.0 0.16666666666666666 0.0 0.1 0.0 0.014018691588785047 0.0 0.0 0.011299435028248588 0.0 0.0
train 1 0.2018604651162791 0.0 0.2024201447196074 0.14333333333333334 0.023255813953488372 0.18181818181818182 0.09090909090909091 0.11627906976744186 0.06976744186046512 0.023255813953488372 0.09302325581395349 0.023255813953488372 0.11627906976744186 0.0036231884057971015 0.0 0.0 0.0 0.0 0.004464285714285714 0.004464285714285714
train 0 0.19440000000000002 0.01 0.0884892891101292 0.07142857142857144 0.0 0.375 0.0 0.12 0.08 0.06 0.08 0.06 0.08 0.006688963210702341 0.0033444816053511705 0.008333333333333333 0.0 0.0 0.0 0.0
train 0 0.20089887640449436 -0.02 0.0956423046056795 0.2966666666666667 0.0 0.0 0.0 0.1797752808988764 0.0 0.033707865168539325 0.14606741573033707 0.07865168539325842 0.1797752808988764 0.009107468123861567 0.0036429872495446266 0.0 0.004524886877828055 0.0 0.0 0.0
train 0 0.19047619047619047 -0.03 0.048820909872982134 0.42 0.05952380952380952 0.06666666666666667 0.0 0.11904761904761904 0.08333333333333333 0.011904761904761904 0.09523809523809523 0.047619047619047616 0.10714285714285714 0.003913894324853229 0.0 0.0024330900243309003 0.0072992700729927005 0.0 0.012165450121654502 0.0024330900243309003
train 1 0.19069767441860463 0.25 0.08068211331036237 0.11631147540983607 0.008809020436927413 0.05046948356807512 0.04107981220657277 0.10887949260042283 0.11381254404510219 0.06025369978858351 0.09513742071881606 0.10007047216349542 0.07434813248766738 0.004634725682173687 0.005214066392445397 0.001177682908876785 0.0033858383630207566 0.0020609450905343736 0.002281760635948771 0.0021345502723391727
train 1 0.19023255813953488 -0.02 0.09006994043941378 0.14333333333333334 0.0 0.05555555555555555 0.05555555555555555 0.13953488372093023 0.10465116279069768 0.06976744186046512 0.05813953488372093 0.12790697674418605 0.11627906976744186 0.005836575875486381 0.021400778210116732 0.004807692307692308 0.0 0.0 0.0 0.002403846153846154
train 1 0.2270967741935484 -0.01 0.16049284707775746 0.0775 0.0 0.0 0.2 0.16129032258064516 0.0967741935483871 0.03225806451612903 0.03225806451612903 0.06451612903225806 0.12903225806451613 0.0 0.0048543689320388345 0.0 0.0 0.0 0.0 0.0
train 0 0.2 -0.01 0.049736940167053705 0.12833333333333333 0.017316017316017316 0.02 0.04 0.17316017316017315 0.1038961038961039 0.047619047619047616 0.15151515151515152 0.0735930735930736 0.1471861471861472 0.002840909090909091 0.002130681818181818 0.0026292725679228747 0.0043821209465381246 0.0 0.0035056967572304996 0.0026292725679228747
train 1 0.21107692307692308 0.01 0.11392738365164116 0.21666666666666667 0.0 0.0 0.0 0.16923076923076924 0.046153846153846156 0.015384615384615385 0.1076923076923077 0.03076923076923077 0.16923076923076924 0.002386634844868735 0.00477326968973747 0.0 0.005797101449275362 0.002898550724637681 0.0 0.002898550724637681
train 1 0.20764044943820223 -0.02 0.06480517285045352 0.06846153846153846 0.0 0.10344827586206896 0.0 0.12359550561797752 0.056179775280898875 0.056179775280898875 0.06741573033707865 0.0898876404494382 0.07865168539325842 0.0051813471502590676 0.0017271157167530224 0.0021929824561403508 0.0043859649122807015 0.0043859649122807015 0.0 0.0043859649122807015
train 0 0.19806451612903225 0.0 0.05250347767880502 0.124 0.0 0.11764705882352941 0.0 0.11290322580645161 0.11290322580645161 0.06451612903225806 0.12903225806451613 0.06451612903225806 0.0967741935483871 0.00510204081632653 0.00510204081632653 0.0 0.0 0.00949367088607595 0.0 0.0031645569620253164
train 1 0.2013953488372093 0.03 0.11966683012550779 0.14333333333333334 0.0 0.0 0.0 0.1511627906976744 0.10465116279069768 0.046511627906976744 0.12790697674418605 0.046511627906976744 0.06976744186046512 0.007575757575757576 0.001893939393939394 0.0 0.004672897196261682 0.004672897196261682 0.0 0.0
train 0 0.21448275862068963 -0.01 0.028459510386872677 0.11599999999999999 0.0 0.0625 0.0 0.13793103448275862 0.13793103448275862 0.017241379310344827 0.06896551724137931 0.05172413793103448 0.10344827586206896 0.002688172043010753 0.002688172043010753 0.006600660066006601 0.0 0.0 0.0 0.006600660066006601
train 1 0.19872426322163908 -0.05 0.11718274030809947 0.14744047619047618 0.004037141703673799 0.030395136778115502 0.0121580547112462 0.10617682680662091 0.07710940654016955 0.055712555510698425 0.11384739604360113 0.08235769075494549 0.07710940654016955 0.003645121395560763 0.005793139360801927 0.0013850415512465374 0.0013850415512465374 0.0013035685188202706 0.000977676389115203 0.0005703112269838683
train 1 0.215 -0.03 0.08726668557685392 0.07466666666666667 0.0 0.0 0.0 0.16071428571428573 0.026785714285714284 0.017857142857142856 0.026785714285714284 0.026785714285714284 0.14285714285714285 0.0027816411682892906 0.009735744089012517 0.0016778523489932886 0.003355704697986577 0.0 0.0 0.0
train 0 0.1951219512195122 -0.02 0.06628774185275273 0.1025 0.0 0.0625 0.25 0.12195121951219512 0.08536585365853659 0.12195121951219512 0.036585365853658534 0.21951219512195122 0.10975609756097561 0.008403361344537815 0.0021008403361344537 0.0026246719160104987 0.0 0.0 0.0 0.0026246719160104987
train 1 0.19964601769911502 0.01 0.051264473523345476 0.18833333333333332 0.008849557522123894 0.04 0.0 0.1504424778761062 0.08849557522123894 0.05309734513274336 0.05309734513274336 0.061946902654867256 0.11504424778761062 0.005625879043600563 0.007032348804500703 0.0034965034965034965 0.0034965034965034965 0.0017482517482517483 0.0017482517482517483 0.0034965034965034965
train 1 0.16993630573248406 -0.02 0.06543598279018584 0.098125 0.006369426751592357 0.0 0.06779661016949153 0.050955414012738856 0.16560509554140126 0.10191082802547771 0.06369426751592357 0.14012738853503184 0.03184713375796178 0.005518763796909493 0.008830022075055188 0.0014771048744460858 0.0029542097488921715 0.0014771048744460858 0.0 0.0
train 1 0.21458823529411764 -0.01 0.08013936823680756 0.12142857142857143 0.0 0.0 0.08 0.11764705882352941 0.07058823529411765 0.08235294117647059 0.10588235294117647 0.10588235294117647 0.09411764705882353 0.005338078291814947 0.0035587188612099642 0.004395604395604396 0.004395604395604396 0.0 0.0 0.0
train 1 0.18486486486486486 -0.01 0.10233808952976692 0.07400000000000001 0.0 0.25 0.0 0.08108108108108109 0.08108108108108109 0.05405405405405406 0.05405405405405406 0.13513513513513514 0.02702702702702703 0.019230769230769232 0.009615384615384616 0.0 0.0 0.0 0.0 0.005952380952380952
train 1 0.19076923076923077 -0.01 0.12385931927013642 0.26 0.0 0.0 0.0 0.19230769230769232 0.09615384615384616 0.019230769230769232 0.15384615384615385 0.038461538461538464 0.17307692307692307 0.0 0.0 0.0 0.0 0.0 0.0 0.008
train 0 0.21185185185185187 -0.01 0.044212846438921725 0.27 0.0 0.0 0.0 0.2222222222222222 0.1111111111111111 0.0 0.037037037037037035 0.037037037037037035 0.07407407407407407 0.0 0.0056179775280898875 0.0 0.0 0.0 0.0 0.0
train 1 0.20714285714285716 0.0 0.04627136385064681 0.09333333333333334 0.0 0.0 0.0 0.25 0.10714285714285714 0.03571428571428571 0.07142857142857142 0.03571428571428571 0.10714285714285714 0.0 0.0 0.0 0.0 0.00684931506849315 0.0 0.0
train 0 0.19816367265469062 -0.08 0.06732706073953106 0.17275862068965517 0.001996007984031936 0.02586206896551724 0.04310344827586207 0.11776447105788423 0.10379241516966067 0.04590818363273453 0.0998003992015968 0.06986027944111776 0.10778443113772455 0.002234993614303959 0.004469987228607918 0.0031446540880503146 0.0015723270440251573 0.0011792452830188679 0.0007861635220125787 0.0015723270440251573
train 1 0.21866666666666668 0.01 0.17378861606726698 0.06 0.0 0.25 0.0 0.1 0.0 0.03333333333333333 0.1 0.13333333333333333 0.1 0.005076142131979695 0.01015228426395939 0.0 0.0 0.0 0.0 0.0
train 0 0.2082608695652174 0.0 0.061832317243693716 0.15333333333333335 0.0 0.03571428571428571 0.0 0.18478260869565216 0.06521739130434782 0.03260869565217391 0.07608695652173914 0.03260869565217391 0.11956521739130435 0.0033333333333333335 0.0016666666666666668 0.008264462809917356 0.0 0.006198347107438017 0.0 0.002066115702479339
train 0 0.19544303797468354 -0.04 0.09015951816748452 0.395 0.0 0.0 0.0 0.16455696202531644 0.11392405063291139 0.0379746835443038 0.11392405063291139 0.0379746835443038 0.1518987341772152 0.005964214711729622 0.0019880715705765406 0.004819277108433735 0.0 0.0 0.0 0.0024096385542168677
train 1 0.17852631578947367 0.02 0.0469236181229964 0.19 0.0 0.1111111111111111 0.0 0.11578947368421053 0.1368421052631579 0.042105263157894736 0.07368421052631578 0.05263157894736842 0.10526315789473684 0.0036900369003690036 0.0 0.0023148148148148147 0.0023148148148148147 0.0023148148148148147 0.0 0.0
train 1 0.18444444444444444 0.0 0.0947402601438062 0.18 0.0 0.0 0.0 0.16666666666666666 0.05555555555555555 0.05555555555555555 0.25 0.1111111111111111 0.08333333333333333 0.009259259259259259 0.009259259259259259 0.0 0.0 0.0 0.0 0.006060606060606061
train 1 0.18760563380281692 -0.01 0.09220117393212116 0.2366666666666667 0.0 0.0 0.0 0.16901408450704225 0.056338028169014086 0.056338028169014086 0.1267605633802817 0.15492957746478872 0.09859154929577464 0.002403846153846154 0.004807692307692308 0.0060790273556231 0.0 0.00303951367781155 0.00303951367781155 0.0
train 1 0.1985185185185185 0.0 0.23083775088920788 0.27 0.0 0.0 0.0 0.1111111111111111 0.037037037037037035 0.037037037037037035 0.14814814814814814 0.037037037037037035 0.1111111111111111 0.01775147928994083 0.011834319526627219 0.0 0.0072992700729927005 0.0 0.0 0.0
train 1 0.18930232558139537 -0.02 0.1157938961780548 0.12285714285714286 0.0 0.0 0.0 0.10465116279069768 0.08139534883720931 0.046511627906976744 0.12790697674418605 0.03488372093023256 0.09302325581395349 0.003795066413662239 0.003795066413662239 0.002386634844868735 0.002386634844868735 0.0 0.0 0.002386634844868735
train 0 0.18028985507246376 0.01 0.05865840501081748 0.1725 0.0 0.13043478260869565 0.0 0.08695652173913043 0.057971014492753624 0.08695652173913043 0.14492753623188406 0.057971014492753624 0.08695652173913043 0.0 0.007371007371007371 0.0031847133757961785 0.0 0.0031847133757961785 0.0 0.0
train 1 0.20571428571428574 0.01 0.06571156903949565 0.25666666666666665 0.012987012987012988 0.0 0.05555555555555555 0.11688311688311688 0.07792207792207792 0.03896103896103896 0.16883116883116883 0.05194805194805195 0.07792207792207792 0.006072874493927126 0.006072874493927126 0.0 0.0024937655860349127 0.0024937655860349127 0.0024937655860349127 0.0
train 0 0.19714285714285715 0.0 0.04425183575303828 0.12 0.0 0.05555555555555555 0.0 0.14285714285714285 0.11904761904761904 0.03571428571428571 0.05952380952380952 0.03571428571428571 0.11904761904761904 0.0019193857965451055 0.005758157389635317 0.0 0.011764705882352941 0.0 0.0 0.01411764705882353
train 1 0.19 -0.01 0.07258779404951736 0.16307692307692306 0.0 0.0 0.0 0.08490566037735849 0.06132075471698113 0.07075471698113207 0.09905660377358491 0.08962264150943396 0.07075471698113207 0.004022526146419952 0.002413515687851971 0.003015075376884422 0.0010050251256281408 0.0 0.0 0.0
train 1 0.17894736842105263 0.02 0.09739699660247436 0.1023076923076923 0.045112781954887216 0.02857142857142857 0.14285714285714285 0.05263157894736842 0.08270676691729323 0.03007518796992481 0.09774436090225563 0.09022556390977443 0.03007518796992481 0.004026845637583893 0.008053691275167786 0.001694915254237288 0.003389830508474576 0.001694915254237288 0.011864406779661017 0.0
train 1 0.16823529411764707 0.0 0.06118087930960739 0.34 0.0 0.0 0.14285714285714285 0.08823529411764706 0.17647058823529413 0.0 0.058823529411764705 0.08823529411764706 0.058823529411764705 0.0 0.0056179775280898875 0.0 0.0 0.0 0.0 0.0
train 1 0.19079999999999997 0.01 0.0921544829129146 0.1111111111111111 0.01 0.038461538461538464 0.11538461538461539 0.12 0.09 0.09 0.08 0.11 0.11 0.003305785123966942 0.009917355371900827 0.002061855670103093 0.0 0.002061855670103093 0.002061855670103093 0.004123711340206186
train 1 0.1881743227326266 0.08 0.05881771265563412 0.14150000000000001 0.0 0.09345794392523364 0.056074766355140186 0.12131919905771496 0.11071849234393404 0.04711425206124853 0.09069493521790342 0.0706713780918728 0.08833922261484099 0.006542426645519429 0.006542426645519429 0.0012447099825740602 0.003983071944236993 0.0012447099825740602 0.00024894199651481205 0.0009957679860592482
train 1 0.19674418604651162 -0.03 0.09591511153139255 0.19111111111111112 0.0 0.0 0.022727272727272728 0.11627906976744186 0.09302325581395349 0.040697674418604654 0.12209302325581395 0.05232558139534884 0.0872093023255814 0.0028089887640449437 0.0056179775280898875 0.004656577415599534 0.0 0.0034924330616996507 0.0011641443538998836 0.002328288707799767
train 0 0.22153846153846155 -0.01 0.15013531130204325 0.052000000000000005 0.0 0.2222222222222222 0.1111111111111111 0.11538461538461539 0.07692307692307693 0.11538461538461539 0.038461538461538464 0.19230769230769232 0.07692307692307693 0.005714285714285714 0.017142857142857144 0.0 0.0 0.0 0.0 0.0
train 1 0.16816326530612244 0.02 0.06054988693838742 0.091875 0.02040816326530612 0.08888888888888889 0.08888888888888889 0.11564625850340136 0.17006802721088435 0.047619047619047616 0.12244897959183673 0.08163265306122448 0.047619047619047616 0.0036231884057971015 0.0024154589371980675 0.0 0.006279434850863423 0.004709576138147566 0.004709576138147566 0.0031397174254317113
train 0 0.1970212765957447 -0.07 0.08916803090700198 0.141 0.001182033096926714 0.02304147465437788 0.018433179723502304 0.14420803782505912 0.061465721040189124 0.03309692671394799 0.11702127659574468 0.05673758865248227 0.11938534278959811 0.004205696807493787 0.005735041101127891 0.0028728752693320567 0.00047881254488867607 0.0007182188173330142 0.00023940627244433804 0.00023940627244433804
train 1 0.228 -0.01 0.1611924604284356 0.05 0.0 0.1111111111111111 0.0 0.18 0.0 0.02 0.02 0.06 0.18 0.0029585798816568047 0.0 0.0 0.0072992700729927005 0.0036496350364963502 0.0 0.0
val 1 0.1947826086956522 0.01 0.07045428569344166 0.115 0.0 0.0 0.0 0.08695652173913043 0.043478260869565216 0.13043478260869565 0.13043478260869565 0.13043478260869565 0.043478260869565216 0.007518796992481203 0.007518796992481203 0.0 0.0 0.0 0.009345794392523364 0.0
val 0 0.21378531073446327 -0.01 0.07432638044254172 0.19666666666666668 0.0 0.0 0.02702702702702703 0.1977401129943503 0.0847457627118644 0.05084745762711865 0.11299435028248588 0.0847457627118644 0.14689265536723164 0.00779896013864818 0.0034662045060658577 0.0021119324181626186 0.0021119324181626186 0.0031678986272439284 0.0 0.006335797254487857
val 1 0.1891891891891892 0.03 0.09367021252473459 0.185 0.0 0.037037037037037035 0.0 0.0945945945945946 0.10810810810810811 0.06756756756756757 0.14864864864864866 0.04054054054054054 0.06756756756756757 0.002242152466367713 0.002242152466367713 0.0 0.005813953488372093 0.0 0.0029069767441860465 0.0
val 1 0.18770428015564203 0.03 0.14745229659907944 0.10279999999999999 0.01556420233463035 0.011363636363636364 0.056818181818181816 0.0311284046692607 0.12840466926070038 0.08560311284046693 0.11284046692607004 0.12840466926070038 0.019455252918287938 0.0012953367875647669 0.003238341968911917 0.0 0.0 0.001669449081803005 0.005843071786310518 0.0
val 0 0.2040625 -0.03 0.051072487275574695 0.256 0.0 0.0 0.0 0.203125 0.0703125 0.0859375 0.1796875 0.0859375 0.1796875 0.0024390243902439024 0.006097560975609756 0.0 0.0 0.0 0.0015037593984962407 0.004511278195488722
val 1 0.2070175438596491 -0.01 0.10961796795809649 0.19 0.0 0.0 0.0 0.14035087719298245 0.05263157894736842 0.0 0.12280701754385964 0.017543859649122806 0.12280701754385964 0.002631578947368421 0.0 0.006389776357827476 0.0 0.003194888178913738 0.0 0.003194888178913738
val 1 0.20387096774193547 -0.01 0.067440807290586 0.31 0.03225806451612903 0.0 0.0 0.1935483870967742 0.06451612903225806 0.0967741935483871 0.25806451612903225 0.0967741935483871 0.1935483870967742 0.0 0.01 0.0 0.006369426751592357 0.0 0.006369426751592357 0.0
val 1 0.17714285714285716 0.01 0.08829193067685154 0.21 0.0 0.047619047619047616 0.0 0.07936507936507936 0.14285714285714285 0.06349206349206349 0.1111111111111111 0.07936507936507936 0.031746031746031744 0.0055248618784530384 0.008287292817679558 0.0 0.0035842293906810036 0.0 0.0 0.0
val 0 0.21521367521367524 0.02 0.07330784384870184 0.12 0.002136752136752137 0.09649122807017543 0.043859649122807015 0.1346153846153846 0.053418803418803416 0.03418803418803419 0.057692307692307696 0.04700854700854701 0.11538461538461539 0.008090614886731391 0.009061488673139158 0.00473186119873817 0.005126182965299685 0.0015772870662460567 0.0003943217665615142 0.0
val 1 0.1970695970695971 0.02 0.14284403070129342 0.13 0.003663003663003663 0.0 0.07352941176470588 0.10989010989010989 0.06227106227106227 0.02197802197802198 0.0695970695970696 0.05860805860805861 0.0989010989010989 0.004659289458357601 0.007571345369831101 0.002886002886002886 0.002886002886002886 0.0021645021645021645 0.001443001443001443 0.0
val 1 0.23121951219512193 -0.02 0.11563095551532729 0.13666666666666666 0.0 0.0 0.0 0.21951219512195122 0.024390243902439025 0.04878048780487805 0.1951219512195122 0.04878048780487805 0.14634146341463414 0.0 0.0035460992907801418 0.004329004329004329 0.008658008658008658 0.0 0.0 0.0
val 1 0.18555555555555558 0.01 0.060086010278974096 0.12 0.0 0.25 0.0 0.1111111111111111 0.2222222222222222 0.1111111111111111 0.05555555555555555 0.1111111111111111 0.027777777777777776 0.0 0.0 0.006369426751592357 0.0 0.012738853503184714 0.0 0.012738853503184714
val 0 0.18865671641791046 0.02 0.059124646358230656 0.1675 0.0 0.07142857142857142 0.0 0.1044776119402985 0.13432835820895522 0.1044776119402985 0.05970149253731343 0.1044776119402985 0.08955223880597014 0.0 0.0024813895781637717 0.009316770186335404 0.006211180124223602 0.0 0.0 0.0
val 0 0.20232700551132882 -0.06 0.07194142073714756 0.1383898305084746 0.001224739742804654 0.023837902264600714 0.010727056019070322 0.14053888548683405 0.07317819963257807 0.041641151255358236 0.10226576852418862 0.05848132271892223 0.11206368646662584 0.004164245593647104 0.004357931435212086 0.003543330730887034 0.002282145216503513 0.0012611855143835205 0.0002402258122635277 0.002282145216503513
val 1 0.17683501683501684 0.02 0.10561343622476796 0.1485 0.0 0.013513513513513514 0.17567567567567569 0.07744107744107744 0.1750841750841751 0.10101010101010101 0.04377104377104377 0.19528619528619529 0.03367003367003367 0.014397120575884824 0.01259748050389922 0.001520912547528517 0.0 0.006844106463878327 0.0 0.0
val 0 0.22840579710144926 0.02 0.10340850045920605 0.1725 0.0 0.11764705882352941 0.0 0.2608695652173913 0.014492753623188406 0.014492753623188406 0.15942028985507245 0.014492753623188406 0.2463768115942029 0.003968253968253968 0.001984126984126984 0.009523809523809525 0.0 0.0 0.0 0.0
val 1 0.20297520661157026 0.0 0.09185715362082762 0.15125 0.008264462809917356 0.0 0.0 0.23140495867768596 0.10743801652892562 0.024793388429752067 0.05785123966942149 0.0743801652892562 0.19008264462809918 0.0013054830287206266 0.007832898172323759 0.003215434083601286 0.0 0.001607717041800643 0.001607717041800643 0.0
val 0 0.15428571428571428 0.0 0.10348666565457214 0.105 0.0 0.16666666666666666 0.16666666666666666 0.047619047619047616 0.23809523809523808 0.09523809523809523 0.09523809523809523 0.09523809523809523 0.047619047619047616 0.009345794392523364 0.0 0.0 0.0 0.012195121951219513 0.0 0.0
val 0 0.20352941176470588 0.0 0.11164552235123033 0.22666666666666668 0.007352941176470588 0.0 0.02564102564102564 0.11764705882352941 0.07352941176470588 0.04411764705882353 0.08823529411764706 0.125 0.07352941176470588 0.0035087719298245615 0.0035087719298245615 0.0014814814814814814 0.0014814814814814814 0.0 0.0014814814814814814 0.0014814814814814814
val 0 0.21448275862068963 -0.02 0.05163445459998341 0.145 0.0 0.07142857142857142 0.0 0.22413793103448276 0.08620689655172414 0.05172413793103448 0.10344827586206896 0.08620689655172414 0.15517241379310345 0.002638522427440633 0.0079155672823219 0.003246753246753247 0.003246753246753247 0.0 0.0 0.0
val 1 0.1970558766859345 0.22 0.10019660097889893 0.13376288659793814 0.005780346820809248 0.03225806451612903 0.02932551319648094 0.1048169556840077 0.08208092485549133 0.07475915221579961 0.09865125240847784 0.10211946050096339 0.07630057803468208 0.004904118201823326 0.006601697579377554 0.0017305120742546999 0.00306772594981515 0.0020451506332100997 0.0017305120742546999 0.0012585542358216
val 1 0.20205128205128203 0.0 0.20378871645721022 0.0975 0.0 0.0 0.0 0.15384615384615385 0.07692307692307693 0.0 0.15384615384615385 0.05128205128205128 0.05128205128205128 0.00398406374501992 0.00398406374501992 0.00980392156862745 0.0 0.0 0.0 0.0
val 1 0.21350649350649353 -0.01 0.132576635289315 0.08555555555555555 0.0 0.36 0.0 0.16883116883116883 0.11688311688311688 0.012987012987012988 0.07792207792207792 0.06493506493506493 0.15584415584415584 0.00390625 0.005859375 0.004796163069544364 0.0 0.0 0.0 0.0
val 0 0.19137254901960785 0.01 0.03386928908819526 0.102 0.0 0.0 0.0 0.09803921568627451 0.19607843137254902 0.0392156862745098 0.058823529411764705 0.0784313725490196 0.058823529411764705 0.0031847133757961785 0.006369426751592357 0.0 0.0 0.0 0.0 0.008032128514056224
val 0 0.21153846153846154 -0.01 0.07782873762514682 0.10400000000000001 0.0 0.0 0.2 0.15384615384615385 0.11538461538461539 0.019230769230769232 0.19230769230769232 0.019230769230769232 0.1346153846153846 0.0029940119760479044 0.008982035928143712 0.0 0.0 0.0 0.0 0.0
val 1 0.20956521739130435 0.01 0.05439707016003716 0.46 0.0 0.0 0.0 0.21739130434782608 0.043478260869565216 0.0 0.10869565217391304 0.08695652173913043 0.1956521739130435 0.003424657534246575 0.0 0.004219409282700422 0.0 0.0 0.008438818565400843 0.016877637130801686
val 1 0.19795454545454547 -0.1 0.07617128906945171 0.13538461538461538 0.002840909090909091 0.023255813953488372 0.03488372093023256 0.11647727272727272 0.09375 0.045454545454545456 0.07954545454545454 0.07386363636363637 0.09943181818181818 0.003178928247048138 0.007266121707538601 0.0039548022598870055 0.0005649717514124294 0.0011299435028248588 0.0005649717514124294 0.002824858757062147
val 0 0.18120481927710844 -0.01 0.07553318593463287 0.166 0.0 0.05555555555555555 0.0 0.12048192771084337 0.0963855421686747 0.03614457831325301 0.060240963855421686 0.0963855421686747 0.13253012048192772 0.004166666666666667 0.00625 0.005208333333333333 0.0 0.0 0.0 0.005208333333333333
val 1 0.1703448275862069 0.01 0.034193457552782976 0.19333333333333333 0.0 0.0 0.1111111111111111 0.1206896551724138 0.05172413793103448 0.05172413793103448 0.08620689655172414 0.017241379310344827 0.10344827586206896 0.00967741935483871 0.0032258064516129032 0.0 0.0 0.0 0.0 0.0
val 1 0.2123076923076923 -0.01 0.12191354704918103 0.1733333333333333 0.0 0.0 0.0 0.17307692307692307 0.019230769230769232 0.038461538461538464 0.057692307692307696 0.038461538461538464 0.15384615384615385 0.0058997050147492625 0.0029498525073746312 0.0036101083032490976 0.007220216606498195 0.0 0.0 0.007220216606498195
val 1 0.19105263157894736 0.02 0.08396428035242758 0.12666666666666665 0.02631578947368421 0.0 0.11764705882352941 0.06578947368421052 0.05263157894736842 0.11842105263157894 0.06578947368421052 0.17105263157894737 0.05263157894736842 0.004464285714285714 0.017857142857142856 0.002770083102493075 0.00554016620498615 0.0 0.00554016620498615 0.0
val 1 0.18073394495412845 0.06 0.07722965438926606 0.14533333333333334 0.0045871559633027525 0.043478260869565216 0.0 0.11009174311926606 0.06880733944954129 0.09174311926605505 0.10550458715596331 0.0963302752293578 0.08256880733944955 0.008807045636509208 0.005604483586869495 0.0 0.0 0.0 0.0010080645161290322 0.0010080645161290322
test 0 0.2 0.01 0.10022423462772476 0.11 0.030303030303030304 0.2 0.0 0.09090909090909091 0.12121212121212122 0.06060606060606061 0.0 0.06060606060606061 0.06060606060606061 0.009950248756218905 0.0 0.0 0.012048192771084338 0.0 0.006024096385542169 0.0
test 0 0.2165079365079365 0.03 0.08636096085058555 0.1575 0.031746031746031744 0.07142857142857142 0.0 0.1746031746031746 0.15873015873015872 0.07936507936507936 0.14285714285714285 0.07936507936507936 0.12698412698412698 0.004739336492890996 0.002369668246445498 0.0 0.0 0.0028735632183908046 0.005747126436781609 0.0028735632183908046
test 1 0.19165217391304348 -0.02 0.0968101999674138 0.115 0.008695652173913044 0.03333333333333333 0.06666666666666667 0.11304347826086956 0.13043478260869565 0.043478260869565216 0.10434782608695652 0.10434782608695652 0.09565217391304348 0.0014184397163120568 0.00851063829787234 0.0 0.0 0.0017574692442882249 0.0017574692442882249 0.0017574692442882249
test 0 0.18831460674157302 -0.02 0.11655441604644454 0.14833333333333334 0.0 0.0 0.07142857142857142 0.0898876404494382 0.07865168539325842 0.0898876404494382 0.1348314606741573 0.0898876404494382 0.07865168539325842 0.009124087591240875 0.0 0.0047169811320754715 0.0047169811320754715 0.0 0.0023584905660377358 0.007075471698113208
test 0 0.19631901840490798 0.03 0.07779459536619203 0.20375 0.0 0.030303030303030304 0.0 0.15950920245398773 0.07975460122699386 0.06134969325153374 0.08588957055214724 0.09202453987730061 0.12269938650306748 0.003015075376884422 0.006030150753768844 0.0024968789013732834 0.003745318352059925 0.0024968789013732834 0.0 0.0
test 1 0.18320987654320986 0.0 0.12960339014182443 0.2025 0.0 0.0 0.0 0.11728395061728394 0.024691358024691357 0.024691358024691357 0.10493827160493827 0.04938271604938271 0.09876543209876543 0.006389776357827476 0.010649627263045794 0.002652519893899204 0.002652519893899204 0.001326259946949602 0.0 0.0
test 1 0.1966742745353766 -0.16 0.10693391888263555 0.11796153846153846 0.004564721225953701 0.04834905660377359 0.024764150943396228 0.10824910335833061 0.07597000326051516 0.07401369416367787 0.10368438213237692 0.10303227910009781 0.08086077600260841 0.004527983994103091 0.006949928921181488 0.0020453945632092903 0.002507257851675904 0.0023752969121140144 0.0014515703351807865 0.0006598046978094484
test 0 0.20304668304668305 0.01 0.055828059575472745 0.14535714285714285 0.004914004914004914 0.0707070707070707 0.04040404040404041 0.15233415233415235 0.07862407862407862 0.0687960687960688 0.08108108108108109 0.08845208845208845 0.12530712530712532 0.0023121387283236996 0.005394990366088632 0.0023820867079561697 0.0028585040495474035 0.0019056693663649356 0.0014292520247737017 0.0023820867079561697
test 1 0.22647058823529412 -0.02 0.12365640926094697 0.09714285714285714 0.014705882352941176 0.047619047619047616 0.047619047619047616 0.11764705882352941 0.11764705882352941 0.029411764705882353 0.04411764705882353 0.07352941176470588 0.058823529411764705 0.008528784648187633 0.006396588486140725 0.0 0.0026109660574412533 0.0 0.0026109660574412533 0.0
test 1 0.1851366120218579 -0.01 0.09215171995597607 0.10925373134328359 0.006830601092896175 0.028225806451612902 0.012096774193548387 0.06284153005464481 0.09016393442622951 0.040983606557377046 0.14754098360655737 0.09562841530054644 0.030054644808743168 0.007022471910112359 0.006086142322097378 0.000302571860816944 0.001210287443267776 0.000907715582450832 0.001210287443267776 0.000302571860816944
test 1 0.18285714285714286 0.0 0.07485149288382131 0.126 0.0 0.047619047619047616 0.0 0.09523809523809523 0.19047619047619047 0.0 0.07936507936507936 0.015873015873015872 0.015873015873015872 0.00821917808219178 0.0136986301369863 0.0 0.0 0.0 0.0 0.0
test 0 0.21152 0.0 0.05179752782594105 0.17857142857142858 0.008 0.0 0.03225806451612903 0.184 0.104 0.008 0.08 0.04 0.136 0.0012224938875305623 0.003667481662591687 0.006006006006006006 0.0 0.0015015015015015015 0.0015015015015015015 0.003003003003003003
test 1 0.20057971014492754 -0.04 0.1900667206527616 0.1725 0.0 0.16666666666666666 0.0 0.057971014492753624 0.08695652173913043 0.10144927536231885 0.08695652173913043 0.10144927536231885 0.014492753623188406 0.002288329519450801 0.004576659038901602 0.0 0.00847457627118644 0.005649717514124294 0.0 0.005649717514124294
test 1 0.18979757085020244 0.01 0.09166567975049551 0.13 0.012145748987854251 0.05405405405405406 0.0945945945945946 0.1214574898785425 0.15789473684210525 0.05263157894736842 0.12955465587044535 0.0931174089068826 0.05668016194331984 0.006644518272425249 0.009966777408637873 0.005029337803855826 0.003352891869237217 0.00586756077116513 0.0008382229673093043 0.0008382229673093043
test 1 0.2090909090909091 0.0 0.19984593403129114 0.11 0.0 0.0 0.0 0.22727272727272727 0.13636363636363635 0.0 0.045454545454545456 0.09090909090909091 0.22727272727272727 0.0 0.007042253521126761 0.0 0.0 0.0 0.0 0.008620689655172414
test 0 0.1929824561403509 -0.05 0.04411755566741864 0.171 0.0 0.05263157894736842 0.15789473684210525 0.14035087719298245 0.04678362573099415 0.07017543859649122 0.11695906432748537 0.09941520467836257 0.12280701754385964 0.003898635477582846 0.004873294346978557 0.0 0.0036540803897685747 0.001218026796589525 0.0 0.00243605359317905
test 1 0.1865830721003135 0.11 0.1394788828630496 0.1226923076923077 0.009404388714733543 0.06315789473684211 0.06315789473684211 0.07523510971786834 0.09717868338557993 0.06583072100313479 0.08463949843260188 0.10658307210031348 0.047021943573667714 0.004772004241781549 0.007953340402969246 0.0027210884353741495 0.0006802721088435374 0.0020408163265306124 0.0027210884353741495 0.0
test 1 0.21313432835820895 0.0 0.1200724939539675 0.134 0.0 0.0 0.14285714285714285 0.1044776119402985 0.07462686567164178 0.14925373134328357 0.11940298507462686 0.16417910447761194 0.08955223880597014 0.0069124423963133645 0.002304147465437788 0.0028169014084507044 0.0 0.0 0.0 0.0
test 1 0.18236220472440945 -0.03 0.041061237108770986 0.0907142857142857 0.0 0.03125 0.0625 0.09448818897637795 0.14960629921259844 0.06299212598425197 0.08661417322834646 0.10236220472440945 0.07086614173228346 0.004070556309362279 0.0013568521031207597 0.001697792869269949 0.0 0.001697792869269949 0.0 0.006791171477079796
test 1 0.1716666666666667 0.0 0.017981990044185915 0.12 0.0 0.0 0.0 0.08333333333333333 0.08333333333333333 0.16666666666666666 0.08333333333333333 0.16666666666666666 0.08333333333333333 0.007751937984496124 0.007751937984496124 0.02 0.0 0.0 0.0 0.0
test 0 0.2 0.01 0.17529351346678937 0.18333333333333332 0.0 0.0 0.0 0.09090909090909091 0.09090909090909091 0.05454545454545454 0.18181818181818182 0.05454545454545454 0.07272727272727272 0.00847457627118644 0.01694915254237288 0.0 0.0 0.0 0.0 0.007407407407407408
test 0 0.20104218362282877 0.05 0.06770047952621129 0.14925925925925926 0.0024813895781637717 0.045563549160671464 0.019184652278177457 0.13399503722084366 0.04528535980148883 0.04156327543424317 0.10918114143920596 0.05955334987593052 0.1011166253101737 0.005145458143677024 0.005145458143677024 0.003072763028515241 0.001720747295968535 0.0009832841691248771 0.0004916420845624386 0.0004916420845624386
test 0 0.18318840579710144 0.0 0.03561947422731388 0.23 0.028985507246376812 0.0 0.06666666666666667 0.15942028985507245 0.11594202898550725 0.057971014492753624 0.08695652173913043 0.057971014492753624 0.11594202898550725 0.004889975550122249 0.007334963325183374 0.0 0.0 0.0 0.003105590062111801 0.0
test 1 0.21661538461538463 0.02 0.15055737930619076 0.09285714285714286 0.015384615384615385 0.11538461538461539 0.0 0.1076923076923077 0.07692307692307693 0.07692307692307693 0.09230769230769231 0.12307692307692308 0.046153846153846156 0.002304147465437788 0.013824884792626729 0.0 0.0 0.0 0.002898550724637681 0.005797101449275362
test 0 0.18971428571428572 0.0 0.10270149337211254 0.11666666666666665 0.05714285714285714 0.0 0.0 0.02857142857142857 0.2 0.05714285714285714 0.0 0.08571428571428572 0.02857142857142857 0.0048543689320388345 0.0048543689320388345 0.0 0.0 0.012195121951219513 0.012195121951219513 0.0
test 0 0.192 -0.03 0.10103178972096048 0.285 0.010526315789473684 0.03529411764705882 0.0 0.09824561403508772 0.08421052631578947 0.07017543859649122 0.12280701754385964 0.11929824561403508 0.04912280701754386 0.0017441860465116279 0.005813953488372093 0.0014925373134328358 0.0037313432835820895 0.0014925373134328358 0.0037313432835820895 0.0029850746268656717
test 1 0.1953398058252427 0.04 0.04103420132204783 0.14714285714285713 0.0 0.0 0.0 0.1262135922330097 0.06796116504854369 0.038834951456310676 0.13592233009708737 0.04854368932038835 0.1262135922330097 0.001597444089456869 0.003194888178913738 0.0 0.017892644135188866 0.007952286282306162 0.0 0.003976143141153081
test 0 0.2112 -0.01 0.05951078546525719 0.13636363636363635 0.0 0.08108108108108109 0.0 0.18 0.08666666666666667 0.04666666666666667 0.12666666666666668 0.04 0.14666666666666667 0.0050150451354062184 0.00802407221664995 0.0024630541871921183 0.0012315270935960591 0.0012315270935960591 0.0 0.0012315270935960591
test 0 0.2075 -0.01 0.1765786677107221 0.26666666666666666 0.025 0.04 0.0 0.175 0.075 0.0375 0.1625 0.05 0.15 0.0038535645472061657 0.0038535645472061657 0.004830917874396135 0.0 0.0 0.004830917874396135 0.0
test 1 0.1772972972972973 0.0 0.07923987525754962 0.12333333333333334 0.0 0.0 0.1111111111111111 0.08108108108108109 0.13513513513513514 0.08108108108108109 0.08108108108108109 0.16216216216216217 0.08108108108108109 0.0 0.0045871559633027525 0.0 0.005714285714285714 0.0 0.0 0.0
test 1 0.18159420289855074 -0.01 0.11815943082768142 0.07076923076923076 0.018115942028985508 0.041379310344827586 0.06896551724137931 0.06521739130434782 0.13405797101449277 0.12681159420289856 0.07971014492753623 0.14492753623188406 0.025362318840579712 0.0053699284009546535 0.0065632458233890216 0.0 0.0008163265306122449 0.00816326530612245 0.004081632653061225 0.0
test 1 0.19012434817488968 0.16 0.09089705327834767 0.09090246125797631 0.017047733654231848 0.08605042016806723 0.0773109243697479 0.09275972723626154 0.1244484556758925 0.061572402727637386 0.07741676694745286 0.10649819494584838 0.060068190934616926 0.005517770220710809 0.005301060212042409 0.0013597188519789138 0.0013806376035478203 0.0020918751568906368 0.0035561877667140826 0.0009413438206007865
test 1 0.19941818181818183 0.03 0.12611382576816887 0.14473684210526316 0.0036363636363636364 0.013157894736842105 0.013157894736842105 0.09818181818181818 0.08363636363636363 0.01818181818181818 0.12727272727272726 0.03636363636363636 0.09090909090909091 0.0034602076124567475 0.007497116493656286 0.0 0.0028922631959508315 0.0014461315979754157 0.0007230657989877079 0.0028922631959508315
test 1 0.20091719745222933 0.24 0.1257087007032055 0.10827586206896551 0.01019108280254777 0.0536779324055666 0.033797216699801194 0.08726114649681528 0.08089171974522293 0.09171974522292993 0.10828025477707007 0.12165605095541401 0.061146496815286625 0.005356781888012937 0.0066707095209217705 0.0019377341428755974 0.0011626404857253585 0.002066916419067304 0.002066916419067304 0.0006459113809585325
test 1 0.1973913043478261 -0.01 0.06346892273422548 0.115 0.0 0.0 0.16666666666666666 0.10869565217391304 0.17391304347826086 0.043478260869565216 0.15217391304347827 0.043478260869565216 0.043478260869565216 0.010169491525423728 0.0 0.0 0.0041841004184100415 0.0 0.0041841004184100415 0.0
test 1 0.19448275862068964 0.0 0.12416608967175902 0.09666666666666666 0.0 0.0 0.125 0.13793103448275862 0.10344827586206896 0.10344827586206896 0.06896551724137931 0.10344827586206896 0.10344827586206896 0.0 0.011235955056179775 0.0 0.0 0.0 0.0 0.007042253521126761
